P_City,SaleDate,TotalSales,Cum_Sales
" ANTIOCH",2013-01-03,304000,304000
" ANTIOCH",2013-01-04,831830,1135830
" ANTIOCH",2013-01-07,314760,1450590
" ANTIOCH",2013-01-08,139900,1590490
" ANTIOCH",2013-01-09,190000,1780490
" ANTIOCH",2013-01-10,492800,2273290
" ANTIOCH",2013-01-11,162000,2435290
" ANTIOCH",2013-01-14,244500,2679790
" ANTIOCH",2013-01-15,538510,3218300
" ANTIOCH",2013-01-16,207000,3425300
" ANTIOCH",2013-01-18,717000,4142300
" ANTIOCH",2013-01-22,568400,4710700
" ANTIOCH",2013-01-23,90000,4800700
" ANTIOCH",2013-01-24,139000,4939700
" ANTIOCH",2013-01-25,139144,5078844
" ANTIOCH",2013-01-28,153000,5231844
" ANTIOCH",2013-01-29,45000,5276844
" ANTIOCH",2013-01-30,147362,5424206
" ANTIOCH",2013-01-31,119900,5544106
" ANTIOCH",2013-02-04,95000,5639106
" ANTIOCH",2013-02-05,14000,5653106
" ANTIOCH",2013-02-06,179900,5833006
" ANTIOCH",2013-02-07,394700,6227706
" ANTIOCH",2013-02-08,613051,6840757
" ANTIOCH",2013-02-12,249900,7090657
" ANTIOCH",2013-02-13,646930,7737587
" ANTIOCH",2013-02-14,386990,8124577
" ANTIOCH",2013-02-15,337400,8461977
" ANTIOCH",2013-02-18,35000,8496977
" ANTIOCH",2013-02-19,224533,8721510
" ANTIOCH",2013-02-20,82620,8804130
" ANTIOCH",2013-02-22,402500,9206630
" ANTIOCH",2013-02-25,25000,9231630
" ANTIOCH",2013-02-26,536900,9768530
" ANTIOCH",2013-02-27,288000,10056530
" ANTIOCH",2013-02-28,319500,10376030
" ANTIOCH",2013-03-01,729988,11106018
" ANTIOCH",2013-03-04,313000,11419018
" ANTIOCH",2013-03-05,146000,11565018
" ANTIOCH",2013-03-06,130000,11695018
" ANTIOCH",2013-03-07,16000,11711018
" ANTIOCH",2013-03-08,887690,12598708
" ANTIOCH",2013-03-11,85000,12683708
" ANTIOCH",2013-03-12,515500,13199208
" ANTIOCH",2013-03-13,580771,13779979
" ANTIOCH",2013-03-14,616390,14396369
" ANTIOCH",2013-03-15,1088549,15484918
" ANTIOCH",2013-03-18,199941,15684859
" ANTIOCH",2013-03-19,40000,15724859
" ANTIOCH",2013-03-20,603800,16328659
" ANTIOCH",2013-03-21,467400,16796059
" ANTIOCH",2013-03-22,559500,17355559
" ANTIOCH",2013-03-25,330000,17685559
" ANTIOCH",2013-03-28,246500,17932059
" ANTIOCH",2013-04-02,187000,18119059
" ANTIOCH",2013-04-03,348972,18468031
" ANTIOCH",2013-04-04,636980,19105011
" ANTIOCH",2013-04-05,793880,19898891
" ANTIOCH",2013-04-08,282500,20181391
" ANTIOCH",2013-04-09,307805,20489196
" ANTIOCH",2013-04-10,365849,20855045
" ANTIOCH",2013-04-11,252990,21108035
" ANTIOCH",2013-04-12,438900,21546935
" ANTIOCH",2013-04-15,268000,21814935
" ANTIOCH",2013-04-16,533295,22348230
" ANTIOCH",2013-04-18,464000,22812230
" ANTIOCH",2013-04-19,343900,23156130
" ANTIOCH",2013-04-22,409990,23566120
" ANTIOCH",2013-04-23,125000,23691120
" ANTIOCH",2013-04-24,658329,24349449
" ANTIOCH",2013-04-25,650631,25000080
" ANTIOCH",2013-04-26,674200,25674280
" ANTIOCH",2013-04-29,509551,26183831
" ANTIOCH",2013-04-30,6255600,32439431
" ANTIOCH",2013-05-01,287800,32727231
" ANTIOCH",2013-05-02,175000,32902231
" ANTIOCH",2013-05-03,1029690,33931921
" ANTIOCH",2013-05-06,902953,34834874
" ANTIOCH",2013-05-07,284540,35119414
" ANTIOCH",2013-05-08,208000,35327414
" ANTIOCH",2013-05-09,325000,35652414
" ANTIOCH",2013-05-10,613260,36265674
" ANTIOCH",2013-05-13,729751,36995425
" ANTIOCH",2013-05-14,396895,37392320
" ANTIOCH",2013-05-15,955388,38347708
" ANTIOCH",2013-05-16,578600,38926308
" ANTIOCH",2013-05-17,1071000,39997308
" ANTIOCH",2013-05-20,269900,40267208
" ANTIOCH",2013-05-21,308900,40576108
" ANTIOCH",2013-05-22,723001,41299109
" ANTIOCH",2013-05-23,5699200,46998309
" ANTIOCH",2013-05-24,782382,47780691
" ANTIOCH",2013-05-28,1574000,49354691
" ANTIOCH",2013-05-29,389000,49743691
" ANTIOCH",2013-05-30,1240700,50984391
" ANTIOCH",2013-05-31,1863000,52847391
" ANTIOCH",2013-06-03,635550,53482941
" ANTIOCH",2013-06-04,55000,53537941
" ANTIOCH",2013-06-05,195000,53732941
" ANTIOCH",2013-06-06,195000,53927941
" ANTIOCH",2013-06-07,317800,54245741
" ANTIOCH",2013-06-08,127500,54373241
" ANTIOCH",2013-06-10,745476,55118717
" ANTIOCH",2013-06-11,500500,55619217
" ANTIOCH",2013-06-12,260000,55879217
" ANTIOCH",2013-06-13,282000,56161217
" ANTIOCH",2013-06-14,975783,57137000
" ANTIOCH",2013-06-17,329900,57466900
" ANTIOCH",2013-06-18,687600,58154500
" ANTIOCH",2013-06-19,473890,58628390
" ANTIOCH",2013-06-20,613829,59242219
" ANTIOCH",2013-06-21,314900,59557119
" ANTIOCH",2013-06-24,314000,59871119
" ANTIOCH",2013-06-25,920500,60791619
" ANTIOCH",2013-06-26,311000,61102619
" ANTIOCH",2013-06-27,352840,61455459
" ANTIOCH",2013-06-28,39999882,101455341
" ANTIOCH",2013-07-01,785556,102240897
" ANTIOCH",2013-07-02,621650,102862547
" ANTIOCH",2013-07-03,761665,103624212
" ANTIOCH",2013-07-05,424690,104048902
" ANTIOCH",2013-07-08,344004,104392906
" ANTIOCH",2013-07-09,782212,105175118
" ANTIOCH",2013-07-10,710000,105885118
" ANTIOCH",2013-07-11,165000,106050118
" ANTIOCH",2013-07-12,5126390,111176508
" ANTIOCH",2013-07-15,928900,112105408
" ANTIOCH",2013-07-17,646500,112751908
" ANTIOCH",2013-07-18,353000,113104908
" ANTIOCH",2013-07-19,1856300,114961208
" ANTIOCH",2013-07-22,209900,115171108
" ANTIOCH",2013-07-23,532750,115703858
" ANTIOCH",2013-07-24,507400,116211258
" ANTIOCH",2013-07-25,979005,117190263
" ANTIOCH",2013-07-26,1092014,118282277
" ANTIOCH",2013-07-29,894578,119176855
" ANTIOCH",2013-07-30,1432400,120609255
" ANTIOCH",2013-07-31,2115025,122724280
" ANTIOCH",2013-08-01,884390,123608670
" ANTIOCH",2013-08-02,373870,123982540
" ANTIOCH",2013-08-06,150000,124132540
" ANTIOCH",2013-08-07,69500,124202040
" ANTIOCH",2013-08-08,90000,124292040
" ANTIOCH",2013-08-09,670000,124962040
" ANTIOCH",2013-08-12,540990,125503030
" ANTIOCH",2013-08-13,1069890,126572920
" ANTIOCH",2013-08-14,430390,127003310
" ANTIOCH",2013-08-15,551900,127555210
" ANTIOCH",2013-08-16,829700,128384910
" ANTIOCH",2013-08-20,612560,128997470
" ANTIOCH",2013-08-21,723000,129720470
" ANTIOCH",2013-08-22,537000,130257470
" ANTIOCH",2013-08-23,494000,130751470
" ANTIOCH",2013-08-24,81500,130832970
" ANTIOCH",2013-08-26,278500,131111470
" ANTIOCH",2013-08-27,277000,131388470
" ANTIOCH",2013-08-28,3664569,135053039
" ANTIOCH",2013-08-29,693950,135746989
" ANTIOCH",2013-08-30,4561089,140308078
" ANTIOCH",2013-09-03,312500,140620578
" ANTIOCH",2013-09-05,137500,140758078
" ANTIOCH",2013-09-06,904807,141662885
" ANTIOCH",2013-09-09,216400,141879285
" ANTIOCH",2013-09-10,311400,142190685
" ANTIOCH",2013-09-11,68000,142258685
" ANTIOCH",2013-09-12,636890,142895575
" ANTIOCH",2013-09-13,1204601,144100176
" ANTIOCH",2013-09-15,115000,144215176
" ANTIOCH",2013-09-16,502800,144717976
" ANTIOCH",2013-09-17,476708,145194684
" ANTIOCH",2013-09-18,185000,145379684
" ANTIOCH",2013-09-19,112000,145491684
" ANTIOCH",2013-09-20,765200,146256884
" ANTIOCH",2013-09-23,116000,146372884
" ANTIOCH",2013-09-24,321972,146694856
" ANTIOCH",2013-09-25,767000,147461856
" ANTIOCH",2013-09-26,193900,147655756
" ANTIOCH",2013-09-27,727432,148383188
" ANTIOCH",2013-09-30,145600,148528788
" ANTIOCH",2013-10-01,55059,148583847
" ANTIOCH",2013-10-02,575283,149159130
" ANTIOCH",2013-10-03,899615,150058745
" ANTIOCH",2013-10-04,416000,150474745
" ANTIOCH",2013-10-07,5754204,156228949
" ANTIOCH",2013-10-08,675313,156904262
" ANTIOCH",2013-10-09,339585,157243847
" ANTIOCH",2013-10-10,350807,157594654
" ANTIOCH",2013-10-11,1625544,159220198
" ANTIOCH",2013-10-14,220000,159440198
" ANTIOCH",2013-10-15,507390,159947588
" ANTIOCH",2013-10-16,256000,160203588
" ANTIOCH",2013-10-17,419700,160623288
" ANTIOCH",2013-10-18,1557700,162180988
" ANTIOCH",2013-10-21,419500,162600488
" ANTIOCH",2013-10-23,329300,162929788
" ANTIOCH",2013-10-25,559708,163489496
" ANTIOCH",2013-10-28,322500,163811996
" ANTIOCH",2013-10-29,1124661,164936657
" ANTIOCH",2013-10-30,2170542,167107199
" ANTIOCH",2013-10-31,1672790,168779989
" ANTIOCH",2013-11-01,255900,169035889
" ANTIOCH",2013-11-04,323900,169359789
" ANTIOCH",2013-11-05,110000,169469789
" ANTIOCH",2013-11-06,726088,170195877
" ANTIOCH",2013-11-07,608000,170803877
" ANTIOCH",2013-11-08,687947,171491824
" ANTIOCH",2013-11-11,245000,171736824
" ANTIOCH",2013-11-12,671425,172408249
" ANTIOCH",2013-11-13,518900,172927149
" ANTIOCH",2013-11-14,1046953,173974102
" ANTIOCH",2013-11-15,867200,174841302
" ANTIOCH",2013-11-18,437900,175279202
" ANTIOCH",2013-11-19,106000,175385202
" ANTIOCH",2013-11-20,332500,175717702
" ANTIOCH",2013-11-21,115000,175832702
" ANTIOCH",2013-11-22,1096600,176929302
" ANTIOCH",2013-11-25,1029000,177958302
" ANTIOCH",2013-11-26,1161572,179119874
" ANTIOCH",2013-11-27,2178800,181298674
" ANTIOCH",2013-12-02,854490,182153164
" ANTIOCH",2013-12-03,5508100,187661264
" ANTIOCH",2013-12-04,664390,188325654
" ANTIOCH",2013-12-05,407800,188733454
" ANTIOCH",2013-12-06,1418780,190152234
" ANTIOCH",2013-12-09,138000,190290234
" ANTIOCH",2013-12-10,1301725,191591959
" ANTIOCH",2013-12-11,643900,192235859
" ANTIOCH",2013-12-12,337000,192572859
" ANTIOCH",2013-12-13,1199850,193772709
" ANTIOCH",2013-12-16,426000,194198709
" ANTIOCH",2013-12-17,407500,194606209
" ANTIOCH",2013-12-18,726500,195332709
" ANTIOCH",2013-12-19,284900,195617609
" ANTIOCH",2013-12-20,800300,196417909
" ANTIOCH",2013-12-23,468959,196886868
" ANTIOCH",2013-12-24,145000,197031868
" ANTIOCH",2013-12-26,452000,197483868
" ANTIOCH",2013-12-27,3380600,200864468
" ANTIOCH",2013-12-30,1203500,202067968
" ANTIOCH",2013-12-31,70587500,272655468
" ANTIOCH",2014-01-02,286000,272941468
" ANTIOCH",2014-01-03,186000,273127468
" ANTIOCH",2014-01-06,112000,273239468
" ANTIOCH",2014-01-07,146000,273385468
" ANTIOCH",2014-01-09,145000,273530468
" ANTIOCH",2014-01-10,598800,274129268
" ANTIOCH",2014-01-13,269000,274398268
" ANTIOCH",2014-01-14,326750,274725018
" ANTIOCH",2014-01-15,246990,274972008
" ANTIOCH",2014-01-16,174000,275146008
" ANTIOCH",2014-01-17,1203590,276349598
" ANTIOCH",2014-01-20,118000,276467598
" ANTIOCH",2014-01-21,181200,276648798
" ANTIOCH",2014-01-23,281583,276930381
" ANTIOCH",2014-01-24,1422140,278352521
" ANTIOCH",2014-01-27,362958,278715479
" ANTIOCH",2014-01-29,17000,278732479
" ANTIOCH",2014-01-30,811105,279543584
" ANTIOCH",2014-01-31,867650,280411234
" ANTIOCH",2014-02-03,728000,281139234
" ANTIOCH",2014-02-04,110000,281249234
" ANTIOCH",2014-02-05,330100,281579334
" ANTIOCH",2014-02-06,682800,282262134
" ANTIOCH",2014-02-07,621700,282883834
" ANTIOCH",2014-02-10,204900,283088734
" ANTIOCH",2014-02-12,487805,283576539
" ANTIOCH",2014-02-13,238000,283814539
" ANTIOCH",2014-02-14,480900,284295439
" ANTIOCH",2014-02-17,337500,284632939
" ANTIOCH",2014-02-18,482000,285114939
" ANTIOCH",2014-02-19,352400,285467339
" ANTIOCH",2014-02-20,3816825,289284164
" ANTIOCH",2014-02-21,899900,290184064
" ANTIOCH",2014-02-24,519900,290703964
" ANTIOCH",2014-02-25,991620,291695584
" ANTIOCH",2014-02-26,252900,291948484
" ANTIOCH",2014-02-27,559500,292507984
" ANTIOCH",2014-02-28,1294267,293802251
" ANTIOCH",2014-03-04,487260,294289511
" ANTIOCH",2014-03-05,156000,294445511
" ANTIOCH",2014-03-06,497000,294942511
" ANTIOCH",2014-03-07,654400,295596911
" ANTIOCH",2014-03-11,176000,295772911
" ANTIOCH",2014-03-12,420200,296193111
" ANTIOCH",2014-03-13,312900,296506011
" ANTIOCH",2014-03-14,1112970,297618981
" ANTIOCH",2014-03-17,476700,298095681
" ANTIOCH",2014-03-18,627312,298722993
" ANTIOCH",2014-03-19,797500,299520493
" ANTIOCH",2014-03-20,134900,299655393
" ANTIOCH",2014-03-21,962500,300617893
" ANTIOCH",2014-03-24,685200,301303093
" ANTIOCH",2014-03-25,520300,301823393
" ANTIOCH",2014-03-26,525500,302348893
" ANTIOCH",2014-03-27,767951,303116844
" ANTIOCH",2014-03-28,1648157,304765001
" ANTIOCH",2014-03-31,406000,305171001
" ANTIOCH",2014-04-01,80000,305251001
" ANTIOCH",2014-04-02,397460,305648461
" ANTIOCH",2014-04-03,243400,305891861
" ANTIOCH",2014-04-04,1192950,307084811
" ANTIOCH",2014-04-08,149000,307233811
" ANTIOCH",2014-04-09,7743528,314977339
" ANTIOCH",2014-04-10,474224,315451563
" ANTIOCH",2014-04-11,1435608,316887171
" ANTIOCH",2014-04-14,537900,317425071
" ANTIOCH",2014-04-15,850950,318276021
" ANTIOCH",2014-04-16,462600,318738621
" ANTIOCH",2014-04-17,625000,319363621
" ANTIOCH",2014-04-18,759130,320122751
" ANTIOCH",2014-04-21,564900,320687651
" ANTIOCH",2014-04-22,67814,320755465
" ANTIOCH",2014-04-23,131000,320886465
" ANTIOCH",2014-04-24,288500,321174965
" ANTIOCH",2014-04-25,1145207,322320172
" ANTIOCH",2014-04-28,835400,323155572
" ANTIOCH",2014-04-29,869900,324025472
" ANTIOCH",2014-04-30,1778650,325804122
" ANTIOCH",2014-05-01,862901,326667023
" ANTIOCH",2014-05-02,536915,327203938
" ANTIOCH",2014-05-05,357000,327560938
" ANTIOCH",2014-05-06,299800,327860738
" ANTIOCH",2014-05-07,397500,328258238
" ANTIOCH",2014-05-08,470500,328728738
" ANTIOCH",2014-05-09,1089410,329818148
" ANTIOCH",2014-05-12,787700,330605848
" ANTIOCH",2014-05-13,366500,330972348
" ANTIOCH",2014-05-14,314900,331287248
" ANTIOCH",2014-05-15,1417190,332704438
" ANTIOCH",2014-05-16,577800,333282238
" ANTIOCH",2014-05-19,1552250,334834488
" ANTIOCH",2014-05-21,792500,335626988
" ANTIOCH",2014-05-22,333700,335960688
" ANTIOCH",2014-05-23,1329644,337290332
" ANTIOCH",2014-05-27,609800,337900132
" ANTIOCH",2014-05-28,149900,338050032
" ANTIOCH",2014-05-29,414500,338464532
" ANTIOCH",2014-05-30,871800,339336332
" ANTIOCH",2014-06-02,703900,340040232
" ANTIOCH",2014-06-03,492347,340532579
" ANTIOCH",2014-06-04,312500,340845079
" ANTIOCH",2014-06-05,1273750,342118829
" ANTIOCH",2014-06-06,1676234,343795063
" ANTIOCH",2014-06-09,655661,344450724
" ANTIOCH",2014-06-10,420669,344871393
" ANTIOCH",2014-06-11,448500,345319893
" ANTIOCH",2014-06-12,429500,345749393
" ANTIOCH",2014-06-13,58150763,403900156
" ANTIOCH",2014-06-16,321500,404221656
" ANTIOCH",2014-06-17,361900,404583556
" ANTIOCH",2014-06-18,841700,405425256
" ANTIOCH",2014-06-19,632045,406057301
" ANTIOCH",2014-06-20,1878521,407935822
" ANTIOCH",2014-06-23,616900,408552722
" ANTIOCH",2014-06-24,496367,409049089
" ANTIOCH",2014-06-25,795585,409844674
" ANTIOCH",2014-06-26,1156880,411001554
" ANTIOCH",2014-06-27,1864016,412865570
" ANTIOCH",2014-06-30,3071770,415937340
" ANTIOCH",2014-07-01,983481,416920821
" ANTIOCH",2014-07-02,295000,417215821
" ANTIOCH",2014-07-03,592800,417808621
" ANTIOCH",2014-07-07,98000,417906621
" ANTIOCH",2014-07-08,1363391,419270012
" ANTIOCH",2014-07-09,660976,419930988
" ANTIOCH",2014-07-10,699865,420630853
" ANTIOCH",2014-07-11,1899200,422530053
" ANTIOCH",2014-07-14,230000,422760053
" ANTIOCH",2014-07-15,1063933,423823986
" ANTIOCH",2014-07-16,496000,424319986
" ANTIOCH",2014-07-17,780000,425099986
" ANTIOCH",2014-07-18,1324179,426424165
" ANTIOCH",2014-07-21,531728,426955893
" ANTIOCH",2014-07-23,397500,427353393
" ANTIOCH",2014-07-24,526400,427879793
" ANTIOCH",2014-07-25,2555150,430434943
" ANTIOCH",2014-07-28,1212900,431647843
" ANTIOCH",2014-07-29,1005501,432653344
" ANTIOCH",2014-07-30,943506,433596850
" ANTIOCH",2014-07-31,1455890,435052740
" ANTIOCH",2014-08-01,1493599,436546339
" ANTIOCH",2014-08-02,140000,436686339
" ANTIOCH",2014-08-04,537900,437224239
" ANTIOCH",2014-08-05,592400,437816639
" ANTIOCH",2014-08-06,499000,438315639
" ANTIOCH",2014-08-07,869250,439184889
" ANTIOCH",2014-08-08,1308400,440493289
" ANTIOCH",2014-08-11,195000,440688289
" ANTIOCH",2014-08-12,622400,441310689
" ANTIOCH",2014-08-13,637300,441947989
" ANTIOCH",2014-08-14,601811,442549800
" ANTIOCH",2014-08-15,1182300,443732100
" ANTIOCH",2014-08-18,241657,443973757
" ANTIOCH",2014-08-19,434900,444408657
" ANTIOCH",2014-08-20,170000,444578657
" ANTIOCH",2014-08-21,1003900,445582557
" ANTIOCH",2014-08-22,1188500,446771057
" ANTIOCH",2014-08-25,906100,447677157
" ANTIOCH",2014-08-26,127071694,574748851
" ANTIOCH",2014-08-27,245000,574993851
" ANTIOCH",2014-08-28,6469974,581463825
" ANTIOCH",2014-08-29,4138690,585602515
" ANTIOCH",2014-09-01,78000,585680515
" ANTIOCH",2014-09-02,438588,586119103
" ANTIOCH",2014-09-03,753600,586872703
" ANTIOCH",2014-09-04,703000,587575703
" ANTIOCH",2014-09-05,949300,588525003
" ANTIOCH",2014-09-08,195000,588720003
" ANTIOCH",2014-09-09,607050,589327053
" ANTIOCH",2014-09-11,127000,589454053
" ANTIOCH",2014-09-12,1709700,591163753
" ANTIOCH",2014-09-15,809757,591973510
" ANTIOCH",2014-09-16,111000,592084510
" ANTIOCH",2014-09-17,2902124,594986634
" ANTIOCH",2014-09-18,540199,595526833
" ANTIOCH",2014-09-19,1209349,596736182
" ANTIOCH",2014-09-22,757900,597494082
" ANTIOCH",2014-09-23,804400,598298482
" ANTIOCH",2014-09-24,1455490,599753972
" ANTIOCH",2014-09-25,835000,600588972
" ANTIOCH",2014-09-26,2541000,603129972
" ANTIOCH",2014-09-29,840400,603970372
" ANTIOCH",2014-09-30,2053384,606023756
" ANTIOCH",2014-10-01,1920800,607944556
" ANTIOCH",2014-10-02,423980,608368536
" ANTIOCH",2014-10-03,1259296,609627832
" ANTIOCH",2014-10-04,111500,609739332
" ANTIOCH",2014-10-06,901900,610641232
" ANTIOCH",2014-10-07,664000,611305232
" ANTIOCH",2014-10-08,624622,611929854
" ANTIOCH",2014-10-09,803565,612733419
" ANTIOCH",2014-10-10,1601800,614335219
" ANTIOCH",2014-10-13,219900,614555119
" ANTIOCH",2014-10-14,1160725,615715844
" ANTIOCH",2014-10-15,332500,616048344
" ANTIOCH",2014-10-16,132900,616181244
" ANTIOCH",2014-10-17,1044765,617226009
" ANTIOCH",2014-10-20,363000,617589009
" ANTIOCH",2014-10-21,345000,617934009
" ANTIOCH",2014-10-22,435900,618369909
" ANTIOCH",2014-10-23,453000,618822909
" ANTIOCH",2014-10-24,1057099,619880008
" ANTIOCH",2014-10-25,145500,620025508
" ANTIOCH",2014-10-27,1017800,621043308
" ANTIOCH",2014-10-28,1446045,622489353
" ANTIOCH",2014-10-29,929851,623419204
" ANTIOCH",2014-10-30,1757900,625177104
" ANTIOCH",2014-10-31,2407300,627584404
" ANTIOCH",2014-11-03,178000,627762404
" ANTIOCH",2014-11-04,661700,628424104
" ANTIOCH",2014-11-05,442900,628867004
" ANTIOCH",2014-11-06,473094,629340098
" ANTIOCH",2014-11-07,1617939,630958037
" ANTIOCH",2014-11-08,261750,631219787
" ANTIOCH",2014-11-10,1005390,632225177
" ANTIOCH",2014-11-12,572350,632797527
" ANTIOCH",2014-11-13,405300,633202827
" ANTIOCH",2014-11-14,1859518,635062345
" ANTIOCH",2014-11-17,575190,635637535
" ANTIOCH",2014-11-18,494900,636132435
" ANTIOCH",2014-11-19,313183,636445618
" ANTIOCH",2014-11-20,485500,636931118
" ANTIOCH",2014-11-21,1209376,638140494
" ANTIOCH",2014-11-24,1081880,639222374
" ANTIOCH",2014-11-25,1474250,640696624
" ANTIOCH",2014-11-26,1188670,641885294
" ANTIOCH",2014-11-28,97900,641983194
" ANTIOCH",2014-12-01,1036300,643019494
" ANTIOCH",2014-12-02,493000,643512494
" ANTIOCH",2014-12-03,155000,643667494
" ANTIOCH",2014-12-04,900849,644568343
" ANTIOCH",2014-12-05,611461,645179804
" ANTIOCH",2014-12-08,152000,645331804
" ANTIOCH",2014-12-09,521163,645852967
" ANTIOCH",2014-12-10,1227500,647080467
" ANTIOCH",2014-12-11,505400,647585867
" ANTIOCH",2014-12-12,1217000,648802867
" ANTIOCH",2014-12-15,373150,649176017
" ANTIOCH",2014-12-16,1462437,650638454
" ANTIOCH",2014-12-17,195000,650833454
" ANTIOCH",2014-12-18,1876177,652709631
" ANTIOCH",2014-12-19,2813003,655522634
" ANTIOCH",2014-12-22,1213450,656736084
" ANTIOCH",2014-12-23,579500,657315584
" ANTIOCH",2014-12-24,105000,657420584
" ANTIOCH",2014-12-29,1421555,658842139
" ANTIOCH",2014-12-30,1482246,660324385
" ANTIOCH",2014-12-31,1108339,661432724
" ANTIOCH",2015-01-02,136500,661569224
" ANTIOCH",2015-01-03,109900,661679124
" ANTIOCH",2015-01-05,1093190,662772314
" ANTIOCH",2015-01-06,425900,663198214
" ANTIOCH",2015-01-07,582272,663780486
" ANTIOCH",2015-01-08,67000,663847486
" ANTIOCH",2015-01-09,885131,664732617
" ANTIOCH",2015-01-12,212500,664945117
" ANTIOCH",2015-01-13,401000,665346117
" ANTIOCH",2015-01-14,40681315,706027432
" ANTIOCH",2015-01-15,981600,707009032
" ANTIOCH",2015-01-16,1843122,708852154
" ANTIOCH",2015-01-19,250000,709102154
" ANTIOCH",2015-01-20,1257730,710359884
" ANTIOCH",2015-01-22,124900,710484784
" ANTIOCH",2015-01-23,734976,711219760
" ANTIOCH",2015-01-26,558500,711778260
" ANTIOCH",2015-01-27,276400,712054660
" ANTIOCH",2015-01-28,125000,712179660
" ANTIOCH",2015-01-29,793900,712973560
" ANTIOCH",2015-01-30,1783538,714757098
" ANTIOCH",2015-02-02,1160000,715917098
" ANTIOCH",2015-02-04,200000,716117098
" ANTIOCH",2015-02-05,612300,716729398
" ANTIOCH",2015-02-06,35,716729433
" ANTIOCH",2015-02-09,203700,716933133
" ANTIOCH",2015-02-10,1028000,717961133
" ANTIOCH",2015-02-11,593000,718554133
" ANTIOCH",2015-02-12,1169244,719723377
" ANTIOCH",2015-02-13,2247100,721970477
" ANTIOCH",2015-02-17,230000,722200477
" ANTIOCH",2015-02-18,512365,722712842
" ANTIOCH",2015-02-19,427500,723140342
" ANTIOCH",2015-02-20,1168030,724308372
" ANTIOCH",2015-02-25,623900,724932272
" ANTIOCH",2015-02-26,662000,725594272
" ANTIOCH",2015-03-02,627500,726221772
" ANTIOCH",2015-03-03,374000,726595772
" ANTIOCH",2015-03-04,277100,726872872
" ANTIOCH",2015-03-05,321000,727193872
" ANTIOCH",2015-03-06,876906,728070778
" ANTIOCH",2015-03-09,235900,728306678
" ANTIOCH",2015-03-10,628147,728934825
" ANTIOCH",2015-03-11,1043500,729978325
" ANTIOCH",2015-03-12,462359,730440684
" ANTIOCH",2015-03-13,1470080,731910764
" ANTIOCH",2015-03-16,1570200,733480964
" ANTIOCH",2015-03-17,561900,734042864
" ANTIOCH",2015-03-18,418883,734461747
" ANTIOCH",2015-03-19,991228,735452975
" ANTIOCH",2015-03-20,180000,735632975
" ANTIOCH",2015-03-23,680000,736312975
" ANTIOCH",2015-03-24,497900,736810875
" ANTIOCH",2015-03-25,327000,737137875
" ANTIOCH",2015-03-26,787115,737924990
" ANTIOCH",2015-03-27,1828700,739753690
" ANTIOCH",2015-03-28,139000,739892690
" ANTIOCH",2015-03-30,755490,740648180
" ANTIOCH",2015-03-31,15916455,756564635
" ANTIOCH",2015-04-01,560775,757125410
" ANTIOCH",2015-04-02,1235096,758360506
" ANTIOCH",2015-04-03,1285698,759646204
" ANTIOCH",2015-04-06,401996,760048200
" ANTIOCH",2015-04-07,296000,760344200
" ANTIOCH",2015-04-08,685000,761029200
" ANTIOCH",2015-04-09,184000,761213200
" ANTIOCH",2015-04-10,2058493,763271693
" ANTIOCH",2015-04-13,1307215,764578908
" ANTIOCH",2015-04-14,572500,765151408
" ANTIOCH",2015-04-15,1052890,766204298
" ANTIOCH",2015-04-16,954498,767158796
" ANTIOCH",2015-04-17,1386990,768545786
" ANTIOCH",2015-04-20,1009000,769554786
" ANTIOCH",2015-04-21,600600,770155386
" ANTIOCH",2015-04-22,645900,770801286
" ANTIOCH",2015-04-23,836900,771638186
" ANTIOCH",2015-04-24,744412,772382598
" ANTIOCH",2015-04-27,412100,772794698
" ANTIOCH",2015-04-28,566900,773361598
" ANTIOCH",2015-04-29,787500,774149098
" ANTIOCH",2015-04-30,2573360,776722458
" ANTIOCH",2015-05-01,1943540,778665998
" ANTIOCH",2015-05-04,135000,778800998
" ANTIOCH",2015-05-05,744851,779545849
" ANTIOCH",2015-05-06,510000,780055849
" ANTIOCH",2015-05-07,491000,780546849
" ANTIOCH",2015-05-08,46057000,826603849
" ANTIOCH",2015-05-09,202000,826805849
" ANTIOCH",2015-05-11,45966986,872772835
" ANTIOCH",2015-05-12,373000,873145835
" ANTIOCH",2015-05-13,502000,873647835
" ANTIOCH",2015-05-14,408400,874056235
" ANTIOCH",2015-05-15,1623535,875679770
" ANTIOCH",2015-05-18,1018190,876697960
" ANTIOCH",2015-05-19,1531247,878229207
" ANTIOCH",2015-05-20,693147,878922354
" ANTIOCH",2015-05-21,861800,879784154
" ANTIOCH",2015-05-22,1462313,881246467
" ANTIOCH",2015-05-26,2268450,883514917
" ANTIOCH",2015-05-27,1395843,884910760
" ANTIOCH",2015-05-28,1871352,886782112
" ANTIOCH",2015-05-29,5287767,892069879
" ANTIOCH",2015-06-01,1685000,893754879
" ANTIOCH",2015-06-02,183000,893937879
" ANTIOCH",2015-06-03,548400,894486279
" ANTIOCH",2015-06-04,839400,895325679
" ANTIOCH",2015-06-05,1418422,896744101
" ANTIOCH",2015-06-08,1574000,898318101
" ANTIOCH",2015-06-09,899100,899217201
" ANTIOCH",2015-06-10,159900,899377101
" ANTIOCH",2015-06-11,711000,900088101
" ANTIOCH",2015-06-12,566400,900654501
" ANTIOCH",2015-06-15,1334240,901988741
" ANTIOCH",2015-06-16,1177557,903166298
" ANTIOCH",2015-06-17,263600,903429898
" ANTIOCH",2015-06-18,1118900,904548798
" ANTIOCH",2015-06-19,2635379,907184177
" ANTIOCH",2015-06-22,1439702,908623879
" ANTIOCH",2015-06-23,1448992,910072871
" ANTIOCH",2015-06-24,1674000,911746871
" ANTIOCH",2015-06-25,1231365,912978236
" ANTIOCH",2015-06-26,2469749,915447985
" ANTIOCH",2015-06-29,2115500,917563485
" ANTIOCH",2015-06-30,2450175,920013660
" ANTIOCH",2015-07-01,1074900,921088560
" ANTIOCH",2015-07-02,1029450,922118010
" ANTIOCH",2015-07-03,210000,922328010
" ANTIOCH",2015-07-06,623100,922951110
" ANTIOCH",2015-07-07,377500,923328610
" ANTIOCH",2015-07-08,1172000,924500610
" ANTIOCH",2015-07-09,1861590,926362200
" ANTIOCH",2015-07-10,1092700,927454900
" ANTIOCH",2015-07-13,864500,928319400
" ANTIOCH",2015-07-14,1429500,929748900
" ANTIOCH",2015-07-15,2523000,932271900
" ANTIOCH",2015-07-16,452800,932724700
" ANTIOCH",2015-07-17,2008459,934733159
" ANTIOCH",2015-07-20,1484400,936217559
" ANTIOCH",2015-07-21,698900,936916459
" ANTIOCH",2015-07-22,1206500,938122959
" ANTIOCH",2015-07-23,528518,938651477
" ANTIOCH",2015-07-24,1294750,939946227
" ANTIOCH",2015-07-27,1808700,941754927
" ANTIOCH",2015-07-28,1791977,943546904
" ANTIOCH",2015-07-29,1623905,945170809
" ANTIOCH",2015-07-30,2446954,947617763
" ANTIOCH",2015-07-31,4240265,951858028
" ANTIOCH",2015-08-01,87500,951945528
" ANTIOCH",2015-08-03,1355900,953301428
" ANTIOCH",2015-08-04,226000,953527428
" ANTIOCH",2015-08-05,1460700,954988128
" ANTIOCH",2015-08-06,957044,955945172
" ANTIOCH",2015-08-07,1960045,957905217
" ANTIOCH",2015-08-10,922697,958827914
" ANTIOCH",2015-08-11,256000,959083914
" ANTIOCH",2015-08-12,1478072,960561986
" ANTIOCH",2015-08-13,571398,961133384
" ANTIOCH",2015-08-14,3190539,964323923
" ANTIOCH",2015-08-15,159000,964482923
" ANTIOCH",2015-08-17,681500,965164423
" ANTIOCH",2015-08-18,287000,965451423
" ANTIOCH",2015-08-19,404500,965855923
" ANTIOCH",2015-08-20,1113736,966969659
" ANTIOCH",2015-08-21,939660,967909319
" ANTIOCH",2015-08-22,184900,968094219
" ANTIOCH",2015-08-24,73144413,1041238632
" ANTIOCH",2015-08-25,1725243,1042963875
" ANTIOCH",2015-08-26,506710,1043470585
" ANTIOCH",2015-08-27,1173800,1044644385
" ANTIOCH",2015-08-28,4499834,1049144219
" ANTIOCH",2015-08-30,116900,1049261119
" ANTIOCH",2015-08-31,4376774,1053637893
" ANTIOCH",2015-09-01,637800,1054275693
" ANTIOCH",2015-09-02,1263602,1055539295
" ANTIOCH",2015-09-03,1998700,1057537995
" ANTIOCH",2015-09-04,1405991,1058943986
" ANTIOCH",2015-09-08,1114390,1060058376
" ANTIOCH",2015-09-09,708551,1060766927
" ANTIOCH",2015-09-10,1623910,1062390837
" ANTIOCH",2015-09-11,1665319,1064056156
" ANTIOCH",2015-09-14,1634400,1065690556
" ANTIOCH",2015-09-15,1256460,1066947016
" ANTIOCH",2015-09-16,1423400,1068370416
" ANTIOCH",2015-09-17,1079751,1069450167
" ANTIOCH",2015-09-18,79464800,1148914967
" ANTIOCH",2015-09-21,383000,1149297967
" ANTIOCH",2015-09-22,459900,1149757867
" ANTIOCH",2015-09-23,1413358,1151171225
" ANTIOCH",2015-09-24,962535,1152133760
" ANTIOCH",2015-09-25,3345306,1155479066
" ANTIOCH",2015-09-28,758490,1156237556
" ANTIOCH",2015-09-29,1826449,1158064005
" ANTIOCH",2015-09-30,2643313,1160707318
" ANTIOCH",2015-10-01,888000,1161595318
" ANTIOCH",2015-10-05,27634000,1189229318
" ANTIOCH",2015-10-06,222366,1189451684
" ANTIOCH",2015-10-07,782504,1190234188
" ANTIOCH",2015-10-08,942960,1191177148
" ANTIOCH",2015-10-09,2206540,1193383688
" ANTIOCH",2015-10-13,904000,1194287688
" ANTIOCH",2015-10-14,422400,1194710088
" ANTIOCH",2015-10-15,1720390,1196430478
" ANTIOCH",2015-10-16,1289900,1197720378
" ANTIOCH",2015-10-19,560751,1198281129
" ANTIOCH",2015-10-20,580000,1198861129
" ANTIOCH",2015-10-21,455500,1199316629
" ANTIOCH",2015-10-22,1085900,1200402529
" ANTIOCH",2015-10-23,2108076,1202510605
" ANTIOCH",2015-10-26,416000,1202926605
" ANTIOCH",2015-10-27,548800,1203475405
" ANTIOCH",2015-10-28,276500,1203751905
" ANTIOCH",2015-10-29,631000,1204382905
" ANTIOCH",2015-10-30,921857,1205304762
" ANTIOCH",2015-11-02,314900,1205619662
" ANTIOCH",2015-11-03,254400,1205874062
" ANTIOCH",2015-11-04,336850,1206210912
" ANTIOCH",2015-11-05,1013905,1207224817
" ANTIOCH",2015-11-06,1455748,1208680565
" ANTIOCH",2015-11-09,864000,1209544565
" ANTIOCH",2015-11-10,900247,1210444812
" ANTIOCH",2015-11-11,88550,1210533362
" ANTIOCH",2015-11-12,904500,1211437862
" ANTIOCH",2015-11-13,1736800,1213174662
" ANTIOCH",2015-11-16,620800,1213795462
" ANTIOCH",2015-11-17,486500,1214281962
" ANTIOCH",2015-11-18,454500,1214736462
" ANTIOCH",2015-11-19,11861100,1226597562
" ANTIOCH",2015-11-20,1761024,1228358586
" ANTIOCH",2015-11-23,1380490,1229739076
" ANTIOCH",2015-11-24,1212490,1230951566
" ANTIOCH",2015-11-25,1504497,1232456063
" ANTIOCH",2015-11-30,3895226,1236351289
" ANTIOCH",2015-12-01,13733572,1250084861
" ANTIOCH",2015-12-02,893650,1250978511
" ANTIOCH",2015-12-03,794300,1251772811
" ANTIOCH",2015-12-04,1192577,1252965388
" ANTIOCH",2015-12-07,926800,1253892188
" ANTIOCH",2015-12-08,416000,1254308188
" ANTIOCH",2015-12-09,745380,1255053568
" ANTIOCH",2015-12-10,1375737,1256429305
" ANTIOCH",2015-12-11,3108071,1259537376
" ANTIOCH",2015-12-14,947300,1260484676
" ANTIOCH",2015-12-15,1201400,1261686076
" ANTIOCH",2015-12-16,806395,1262492471
" ANTIOCH",2015-12-17,1391281,1263883752
" ANTIOCH",2015-12-18,1792800,1265676552
" ANTIOCH",2015-12-21,1365789,1267042341
" ANTIOCH",2015-12-22,781000,1267823341
" ANTIOCH",2015-12-23,195000,1268018341
" ANTIOCH",2015-12-28,1616648,1269634989
" ANTIOCH",2015-12-29,664300,1270299289
" ANTIOCH",2015-12-30,690000,1270989289
" ANTIOCH",2015-12-31,506000,1271495289
" ANTIOCH",2016-01-04,800381,1272295670
" ANTIOCH",2016-01-05,917000,1273212670
" ANTIOCH",2016-01-06,170000,1273382670
" ANTIOCH",2016-01-07,756725,1274139395
" ANTIOCH",2016-01-08,620400,1274759795
" ANTIOCH",2016-01-11,314500,1275074295
" ANTIOCH",2016-01-12,374600,1275448895
" ANTIOCH",2016-01-13,94000,1275542895
" ANTIOCH",2016-01-14,1057599,1276600494
" ANTIOCH",2016-01-15,1493966,1278094460
" ANTIOCH",2016-01-19,1718390,1279812850
" ANTIOCH",2016-01-20,493875,1280306725
" ANTIOCH",2016-01-21,649000,1280955725
" ANTIOCH",2016-01-22,866190,1281821915
" ANTIOCH",2016-01-25,1163705,1282985620
" ANTIOCH",2016-01-26,286200,1283271820
" ANTIOCH",2016-01-27,621490,1283893310
" ANTIOCH",2016-01-28,1155980,1285049290
" ANTIOCH",2016-01-29,3545751,1288595041
" ANTIOCH",2016-02-01,281000,1288876041
" ANTIOCH",2016-02-02,1176400,1290052441
" ANTIOCH",2016-02-03,182000,1290234441
" ANTIOCH",2016-02-04,193000,1290427441
" ANTIOCH",2016-02-05,471990,1290899431
" ANTIOCH",2016-02-09,449625,1291349056
" ANTIOCH",2016-02-10,546679,1291895735
" ANTIOCH",2016-02-11,921071,1292816806
" ANTIOCH",2016-02-12,2690099,1295506905
" ANTIOCH",2016-02-15,752000,1296258905
" ANTIOCH",2016-02-16,1446300,1297705205
" ANTIOCH",2016-02-17,375500,1298080705
" ANTIOCH",2016-02-18,718827,1298799532
" ANTIOCH",2016-02-19,615800,1299415332
" ANTIOCH",2016-02-20,109000,1299524332
" ANTIOCH",2016-02-22,1169280,1300693612
" ANTIOCH",2016-02-24,633880,1301327492
" ANTIOCH",2016-02-25,884575,1302212067
" ANTIOCH",2016-02-26,1846745,1304058812
" ANTIOCH",2016-02-27,115025,1304173837
" ANTIOCH",2016-03-01,339000,1304512837
" ANTIOCH",2016-03-02,1173215,1305686052
" ANTIOCH",2016-03-03,1111500,1306797552
" ANTIOCH",2016-03-04,1919322,1308716874
" ANTIOCH",2016-03-05,340000,1309056874
" ANTIOCH",2016-03-07,797490,1309854364
" ANTIOCH",2016-03-08,152500,1310006864
" ANTIOCH",2016-03-09,257000,1310263864
" ANTIOCH",2016-03-10,1018700,1311282564
" ANTIOCH",2016-03-11,652000,1311934564
" ANTIOCH",2016-03-14,879451,1312814015
" ANTIOCH",2016-03-15,1666500,1314480515
" ANTIOCH",2016-03-16,863250,1315343765
" ANTIOCH",2016-03-17,1589514,1316933279
" ANTIOCH",2016-03-18,2816155,1319749434
" ANTIOCH",2016-03-21,1520000,1321269434
" ANTIOCH",2016-03-22,1565990,1322835424
" ANTIOCH",2016-03-23,588900,1323424324
" ANTIOCH",2016-03-24,1149640,1324573964
" ANTIOCH",2016-03-25,1152815,1325726779
" ANTIOCH",2016-03-28,1527803,1327254582
" ANTIOCH",2016-03-29,39888005,1367142587
" ANTIOCH",2016-03-30,1609162,1368751749
" ANTIOCH",2016-03-31,3627335,1372379084
" ANTIOCH",2016-04-01,1017460,1373396544
" ANTIOCH",2016-04-03,31000,1373427544
" ANTIOCH",2016-04-04,952199,1374379743
" ANTIOCH",2016-04-05,740000,1375119743
" ANTIOCH",2016-04-07,556000,1375675743
" ANTIOCH",2016-04-08,3275415,1378951158
" ANTIOCH",2016-04-11,717900,1379669058
" ANTIOCH",2016-04-12,839300,1380508358
" ANTIOCH",2016-04-13,1315639,1381823997
" ANTIOCH",2016-04-14,721350,1382545347
" ANTIOCH",2016-04-15,2920501,1385465848
" ANTIOCH",2016-04-18,886500,1386352348
" ANTIOCH",2016-04-19,1118010,1387470358
" ANTIOCH",2016-04-20,678000,1388148358
" ANTIOCH",2016-04-21,1013957,1389162315
" ANTIOCH",2016-04-22,1814770,1390977085
" ANTIOCH",2016-04-25,1313000,1392290085
" ANTIOCH",2016-04-26,837580,1393127665
" ANTIOCH",2016-04-27,1141891,1394269556
" ANTIOCH",2016-04-28,1587000,1395856556
" ANTIOCH",2016-04-29,3929547,1399786103
" ANTIOCH",2016-05-02,594500,1400380603
" ANTIOCH",2016-05-03,399640,1400780243
" ANTIOCH",2016-05-04,849000,1401629243
" ANTIOCH",2016-05-05,897835,1402527078
" ANTIOCH",2016-05-06,1896125,1404423203
" ANTIOCH",2016-05-09,685580,1405108783
" ANTIOCH",2016-05-10,118000,1405226783
" ANTIOCH",2016-05-11,602267,1405829050
" ANTIOCH",2016-05-12,1217100,1407046150
" ANTIOCH",2016-05-13,1307600,1408353750
" ANTIOCH",2016-05-14,146000,1408499750
" ANTIOCH",2016-05-16,1868128,1410367878
" ANTIOCH",2016-05-17,868900,1411236778
" ANTIOCH",2016-05-18,552450,1411789228
" ANTIOCH",2016-05-19,644500,1412433728
" ANTIOCH",2016-05-20,2609121,1415042849
" ANTIOCH",2016-05-23,361050,1415403899
" ANTIOCH",2016-05-24,762372,1416166271
" ANTIOCH",2016-05-25,1092500,1417258771
" ANTIOCH",2016-05-26,2607275,1419866046
" ANTIOCH",2016-05-27,4498409,1424364455
" ANTIOCH",2016-05-31,5241860,1429606315
" ANTIOCH",2016-06-01,794700,1430401015
" ANTIOCH",2016-06-02,739500,1431140515
" ANTIOCH",2016-06-03,2099700,1433240215
" ANTIOCH",2016-06-06,1193452,1434433667
" ANTIOCH",2016-06-07,542900,1434976567
" ANTIOCH",2016-06-08,692800,1435669367
" ANTIOCH",2016-06-09,902400,1436571767
" ANTIOCH",2016-06-10,1892433,1438464200
" ANTIOCH",2016-06-13,1821965,1440286165
" ANTIOCH",2016-06-14,1286695,1441572860
" ANTIOCH",2016-06-15,1580180,1443153040
" ANTIOCH",2016-06-16,1352140,1444505180
" ANTIOCH",2016-06-17,2350445,1446855625
" ANTIOCH",2016-06-20,1301680,1448157305
" ANTIOCH",2016-06-21,1527347,1449684652
" ANTIOCH",2016-06-22,941400,1450626052
" ANTIOCH",2016-06-23,1475365,1452101417
" ANTIOCH",2016-06-24,1703465,1453804882
" ANTIOCH",2016-06-25,82000,1453886882
" ANTIOCH",2016-06-27,1067900,1454954782
" ANTIOCH",2016-06-28,1492620,1456447402
" ANTIOCH",2016-06-29,1866152,1458313554
" ANTIOCH",2016-06-30,4146242,1462459796
" ANTIOCH",2016-07-01,845804,1463305600
" ANTIOCH",2016-07-05,652900,1463958500
" ANTIOCH",2016-07-06,1420890,1465379390
" ANTIOCH",2016-07-07,407200,1465786590
" ANTIOCH",2016-07-08,2517472,1468304062
" ANTIOCH",2016-07-09,121000,1468425062
" ANTIOCH",2016-07-11,1698910,1470123972
" ANTIOCH",2016-07-12,1154000,1471277972
" ANTIOCH",2016-07-13,714000,1471991972
" ANTIOCH",2016-07-14,1387509,1473379481
" ANTIOCH",2016-07-15,1298200,1474677681
" ANTIOCH",2016-07-18,2198150,1476875831
" ANTIOCH",2016-07-19,538000,1477413831
" ANTIOCH",2016-07-20,261700,1477675531
" ANTIOCH",2016-07-21,269900,1477945431
" ANTIOCH",2016-07-22,1940935,1479886366
" ANTIOCH",2016-07-25,773890,1480660256
" ANTIOCH",2016-07-26,306600,1480966856
" ANTIOCH",2016-07-27,200000,1481166856
" ANTIOCH",2016-07-28,205000,1481371856
" ANTIOCH",2016-08-01,1484250,1482856106
" ANTIOCH",2016-08-02,147000,1483003106
" ANTIOCH",2016-08-03,757888,1483760994
" ANTIOCH",2016-08-04,590000,1484350994
" ANTIOCH",2016-08-05,2215000,1486565994
" ANTIOCH",2016-08-08,422000,1486987994
" ANTIOCH",2016-08-09,1489700,1488477694
" ANTIOCH",2016-08-10,1566780,1490044474
" ANTIOCH",2016-08-11,323500,1490367974
" ANTIOCH",2016-08-12,2870002,1493237976
" ANTIOCH",2016-08-15,1723053,1494961029
" ANTIOCH",2016-08-16,1436250,1496397279
" ANTIOCH",2016-08-17,1657643,1498054922
" ANTIOCH",2016-08-18,853444,1498908366
" ANTIOCH",2016-08-19,1374900,1500283266
" ANTIOCH",2016-08-21,193000,1500476266
" ANTIOCH",2016-08-22,919000,1501395266
" ANTIOCH",2016-08-23,757900,1502153166
" ANTIOCH",2016-08-24,780900,1502934066
" ANTIOCH",2016-08-25,794000,1503728066
" ANTIOCH",2016-08-26,2150200,1505878266
" ANTIOCH",2016-08-29,1415951,1507294217
" ANTIOCH",2016-08-30,273931,1507568148
" ANTIOCH",2016-09-01,1314845,1508882993
" ANTIOCH",2016-09-02,2493981,1511376974
" ANTIOCH",2016-09-06,769000,1512145974
" ANTIOCH",2016-09-07,1224200,1513370174
" ANTIOCH",2016-09-08,1196200,1514566374
" ANTIOCH",2016-09-09,1239290,1515805664
" ANTIOCH",2016-09-12,5564992,1521370656
" ANTIOCH",2016-09-13,773300,1522143956
" ANTIOCH",2016-09-14,656000,1522799956
" ANTIOCH",2016-09-15,1514900,1524314856
" ANTIOCH",2016-09-16,1306890,1525621746
" ANTIOCH",2016-09-19,972370,1526594116
" ANTIOCH",2016-09-20,723900,1527318016
" ANTIOCH",2016-09-21,1098045,1528416061
" ANTIOCH",2016-09-22,388000,1528804061
" ANTIOCH",2016-09-23,5685750,1534489811
" ANTIOCH",2016-09-26,1262900,1535752711
" ANTIOCH",2016-09-27,2950509,1538703220
" ANTIOCH",2016-09-28,1023375,1539726595
" ANTIOCH",2016-09-29,3103235,1542829830
" ANTIOCH",2016-09-30,17982355,1560812185
" ANTIOCH",2016-10-03,1357178,1562169363
" ANTIOCH",2016-10-04,359000,1562528363
" ANTIOCH",2016-10-05,898900,1563427263
" ANTIOCH",2016-10-06,1331800,1564759063
" ANTIOCH",2016-10-07,4621651,1569380714
" ANTIOCH",2016-10-09,157500,1569538214
" ANTIOCH",2016-10-11,1384540,1570922754
" ANTIOCH",2016-10-12,1468250,1572391004
" ANTIOCH",2016-10-13,1882548,1574273552
" ANTIOCH",2016-10-14,1710980,1575984532
" ANTIOCH",2016-10-17,1355400,1577339932
" ANTIOCH",2016-10-18,445000,1577784932
" ANTIOCH",2016-10-19,512999,1578297931
" ANTIOCH",2016-10-20,2599644,1580897575
" ANTIOCH",2016-10-21,3251852,1584149427
" ANTIOCH",2016-10-24,632800,1584782227
" ANTIOCH",2016-10-25,994190,1585776417
" ANTIOCH",2016-10-26,846790,1586623207
" ANTIOCH",2016-10-27,526000,1587149207
" ANTIOCH",2016-10-28,2378290,1589527497
" ANTIOCH",2016-10-31,3301667,1592829164
" ANTIOCH",2019-05-16,118500,1592947664
" ANTIOCH",2019-12-13,118500,1593066164
" BELLEVUE",2014-12-03,25000,25000
" BRENTWOOD",2013-01-02,1365000,1365000
" BRENTWOOD",2013-01-07,280000,1645000
" BRENTWOOD",2013-01-10,254800,1899800
" BRENTWOOD",2013-01-11,2562600,4462400
" BRENTWOOD",2013-01-15,270000,4732400
" BRENTWOOD",2013-01-17,234900,4967300
" BRENTWOOD",2013-01-18,180000,5147300
" BRENTWOOD",2013-01-22,45000,5192300
" BRENTWOOD",2013-01-25,556000,5748300
" BRENTWOOD",2013-01-28,80000,5828300
" BRENTWOOD",2013-01-31,1550000,7378300
" BRENTWOOD",2013-02-04,773000,8151300
" BRENTWOOD",2013-02-07,300000,8451300
" BRENTWOOD",2013-02-11,829500,9280800
" BRENTWOOD",2013-02-14,398975,9679775
" BRENTWOOD",2013-02-15,723258,10403033
" BRENTWOOD",2013-02-20,45000,10448033
" BRENTWOOD",2013-02-22,667900,11115933
" BRENTWOOD",2013-02-28,566920,11682853
" BRENTWOOD",2013-03-01,811750,12494603
" BRENTWOOD",2013-03-04,170000,12664603
" BRENTWOOD",2013-03-05,149000,12813603
" BRENTWOOD",2013-03-07,474000,13287603
" BRENTWOOD",2013-03-08,781500,14069103
" BRENTWOOD",2013-03-11,137000,14206103
" BRENTWOOD",2013-03-13,692000,14898103
" BRENTWOOD",2013-03-14,477000,15375103
" BRENTWOOD",2013-03-15,652000,16027103
" BRENTWOOD",2013-03-21,428500,16455603
" BRENTWOOD",2013-03-22,215000,16670603
" BRENTWOOD",2013-03-27,318150,16988753
" BRENTWOOD",2013-03-28,329000,17317753
" BRENTWOOD",2013-04-01,520000,17837753
" BRENTWOOD",2013-04-03,164900,18002653
" BRENTWOOD",2013-04-04,220700,18223353
" BRENTWOOD",2013-04-05,329000,18552353
" BRENTWOOD",2013-04-08,257500,18809853
" BRENTWOOD",2013-04-12,179400,18989253
" BRENTWOOD",2013-04-15,115000,19104253
" BRENTWOOD",2013-04-16,532500,19636753
" BRENTWOOD",2013-04-17,453000,20089753
" BRENTWOOD",2013-04-18,489000,20578753
" BRENTWOOD",2013-04-19,367000,20945753
" BRENTWOOD",2013-04-22,773000,21718753
" BRENTWOOD",2013-04-23,350000,22068753
" BRENTWOOD",2013-04-24,370000,22438753
" BRENTWOOD",2013-04-25,555000,22993753
" BRENTWOOD",2013-04-26,1605400,24599153
" BRENTWOOD",2013-04-29,708153,25307306
" BRENTWOOD",2013-04-30,1495589,26802895
" BRENTWOOD",2013-05-03,1648000,28450895
" BRENTWOOD",2013-05-06,542000,28992895
" BRENTWOOD",2013-05-07,781775,29774670
" BRENTWOOD",2013-05-09,245000,30019670
" BRENTWOOD",2013-05-13,227300,30246970
" BRENTWOOD",2013-05-14,465000,30711970
" BRENTWOOD",2013-05-15,837900,31549870
" BRENTWOOD",2013-05-17,1354900,32904770
" BRENTWOOD",2013-05-20,816000,33720770
" BRENTWOOD",2013-05-23,225000,33945770
" BRENTWOOD",2013-05-24,215000,34160770
" BRENTWOOD",2013-05-28,2567300,36728070
" BRENTWOOD",2013-05-29,634500,37362570
" BRENTWOOD",2013-05-30,1127100,38489670
" BRENTWOOD",2013-05-31,1885262,40374932
" BRENTWOOD",2013-06-03,470000,40844932
" BRENTWOOD",2013-06-04,367000,41211932
" BRENTWOOD",2013-06-05,699000,41910932
" BRENTWOOD",2013-06-06,350000,42260932
" BRENTWOOD",2013-06-07,1217000,43477932
" BRENTWOOD",2013-06-08,331000,43808932
" BRENTWOOD",2013-06-10,320000,44128932
" BRENTWOOD",2013-06-11,489900,44618832
" BRENTWOOD",2013-06-13,635500,45254332
" BRENTWOOD",2013-06-14,487000,45741332
" BRENTWOOD",2013-06-17,305000,46046332
" BRENTWOOD",2013-06-18,516500,46562832
" BRENTWOOD",2013-06-20,90000,46652832
" BRENTWOOD",2013-06-21,536000,47188832
" BRENTWOOD",2013-06-25,190000,47378832
" BRENTWOOD",2013-06-26,533500,47912332
" BRENTWOOD",2013-06-27,958750,48871082
" BRENTWOOD",2013-06-28,1571800,50442882
" BRENTWOOD",2013-07-02,244990,50687872
" BRENTWOOD",2013-07-03,698000,51385872
" BRENTWOOD",2013-07-05,279999,51665871
" BRENTWOOD",2013-07-08,420000,52085871
" BRENTWOOD",2013-07-10,1096500,53182371
" BRENTWOOD",2013-07-11,724000,53906371
" BRENTWOOD",2013-07-12,381000,54287371
" BRENTWOOD",2013-07-15,821500,55108871
" BRENTWOOD",2013-07-16,774000,55882871
" BRENTWOOD",2013-07-17,706000,56588871
" BRENTWOOD",2013-07-19,204615,56793486
" BRENTWOOD",2013-07-25,329900,57123386
" BRENTWOOD",2013-07-26,334900,57458286
" BRENTWOOD",2013-07-29,804900,58263186
" BRENTWOOD",2013-07-30,1928500,60191686
" BRENTWOOD",2013-07-31,1240900,61432586
" BRENTWOOD",2013-08-01,1146500,62579086
" BRENTWOOD",2013-08-03,162900,62741986
" BRENTWOOD",2013-08-06,320000,63061986
" BRENTWOOD",2013-08-13,188900,63250886
" BRENTWOOD",2013-08-15,854400,64105286
" BRENTWOOD",2013-08-16,703900,64809186
" BRENTWOOD",2013-08-19,167000,64976186
" BRENTWOOD",2013-08-21,984500,65960686
" BRENTWOOD",2013-08-22,217000,66177686
" BRENTWOOD",2013-08-23,404000,66581686
" BRENTWOOD",2013-08-26,848000,67429686
" BRENTWOOD",2013-08-27,161900,67591586
" BRENTWOOD",2013-08-29,475000,68066586
" BRENTWOOD",2013-08-30,1064780,69131366
" BRENTWOOD",2013-09-03,500500,69631866
" BRENTWOOD",2013-09-04,505000,70136866
" BRENTWOOD",2013-09-05,200084,70336950
" BRENTWOOD",2013-09-06,1059528,71396478
" BRENTWOOD",2013-09-09,1922500,73318978
" BRENTWOOD",2013-09-10,190000,73508978
" BRENTWOOD",2013-09-11,573750,74082728
" BRENTWOOD",2013-09-12,726500,74809228
" BRENTWOOD",2013-09-13,993400,75802628
" BRENTWOOD",2013-09-16,965000,76767628
" BRENTWOOD",2013-09-17,1051800,77819428
" BRENTWOOD",2013-09-19,171900,77991328
" BRENTWOOD",2013-09-20,223000,78214328
" BRENTWOOD",2013-09-23,399000,78613328
" BRENTWOOD",2013-09-24,1000000,79613328
" BRENTWOOD",2013-09-25,487352,80100680
" BRENTWOOD",2013-09-26,204674,80305354
" BRENTWOOD",2013-09-30,1236000,81541354
" BRENTWOOD",2013-10-01,372900,81914254
" BRENTWOOD",2013-10-04,578000,82492254
" BRENTWOOD",2013-10-07,977900,83470154
" BRENTWOOD",2013-10-10,688000,84158154
" BRENTWOOD",2013-10-11,1256599,85414753
" BRENTWOOD",2013-10-15,435000,85849753
" BRENTWOOD",2013-10-16,566906,86416659
" BRENTWOOD",2013-10-17,863500,87280159
" BRENTWOOD",2013-10-18,312000,87592159
" BRENTWOOD",2013-10-21,248000,87840159
" BRENTWOOD",2013-10-22,467500,88307659
" BRENTWOOD",2013-10-23,275000,88582659
" BRENTWOOD",2013-10-25,871900,89454559
" BRENTWOOD",2013-10-28,334000,89788559
" BRENTWOOD",2013-10-29,319900,90108459
" BRENTWOOD",2013-10-30,1232500,91340959
" BRENTWOOD",2013-10-31,1334500,92675459
" BRENTWOOD",2013-11-01,708750,93384209
" BRENTWOOD",2013-11-04,320000,93704209
" BRENTWOOD",2013-11-07,347366,94051575
" BRENTWOOD",2013-11-14,109500,94161075
" BRENTWOOD",2013-11-15,1262500,95423575
" BRENTWOOD",2013-11-18,1050000,96473575
" BRENTWOOD",2013-11-20,570000,97043575
" BRENTWOOD",2013-11-21,582500,97626075
" BRENTWOOD",2013-11-22,1075000,98701075
" BRENTWOOD",2013-11-25,168000,98869075
" BRENTWOOD",2013-11-26,249825,99118900
" BRENTWOOD",2013-11-29,232000,99350900
" BRENTWOOD",2013-12-03,170000,99520900
" BRENTWOOD",2013-12-05,702444,100223344
" BRENTWOOD",2013-12-09,783000,101006344
" BRENTWOOD",2013-12-10,267400,101273744
" BRENTWOOD",2013-12-11,304305,101578049
" BRENTWOOD",2013-12-13,420950,101998999
" BRENTWOOD",2013-12-15,245500,102244499
" BRENTWOOD",2013-12-16,262225,102506724
" BRENTWOOD",2013-12-17,224750,102731474
" BRENTWOOD",2013-12-20,249000,102980474
" BRENTWOOD",2013-12-23,262000,103242474
" BRENTWOOD",2013-12-26,63750,103306224
" BRENTWOOD",2013-12-27,214900,103521124
" BRENTWOOD",2013-12-30,990490,104511614
" BRENTWOOD",2014-01-02,373400,104885014
" BRENTWOOD",2014-01-03,250000,105135014
" BRENTWOOD",2014-01-07,299000,105434014
" BRENTWOOD",2014-01-10,411774,105845788
" BRENTWOOD",2014-01-13,379000,106224788
" BRENTWOOD",2014-01-14,248799,106473587
" BRENTWOOD",2014-01-15,437250,106910837
" BRENTWOOD",2014-01-16,310000,107220837
" BRENTWOOD",2014-01-17,663525,107884362
" BRENTWOOD",2014-01-21,249565,108133927
" BRENTWOOD",2014-01-22,165000,108298927
" BRENTWOOD",2014-01-24,424000,108722927
" BRENTWOOD",2014-01-27,850199,109573126
" BRENTWOOD",2014-01-29,303650,109876776
" BRENTWOOD",2014-01-31,728392,110605168
" BRENTWOOD",2014-02-04,174250,110779418
" BRENTWOOD",2014-02-07,135000,110914418
" BRENTWOOD",2014-02-14,176000,111090418
" BRENTWOOD",2014-02-18,766600,111857018
" BRENTWOOD",2014-02-19,282500,112139518
" BRENTWOOD",2014-02-21,892925,113032443
" BRENTWOOD",2014-02-25,144900,113177343
" BRENTWOOD",2014-02-27,179900,113357243
" BRENTWOOD",2014-02-28,2297750,115654993
" BRENTWOOD",2014-03-03,215000,115869993
" BRENTWOOD",2014-03-05,63750,115933743
" BRENTWOOD",2014-03-07,457991,116391734
" BRENTWOOD",2014-03-10,643985,117035719
" BRENTWOOD",2014-03-11,204099,117239818
" BRENTWOOD",2014-03-13,1556078,118795896
" BRENTWOOD",2014-03-14,458000,119253896
" BRENTWOOD",2014-03-17,507500,119761396
" BRENTWOOD",2014-03-18,581990,120343386
" BRENTWOOD",2014-03-19,302000,120645386
" BRENTWOOD",2014-03-20,683649,121329035
" BRENTWOOD",2014-03-21,264000,121593035
" BRENTWOOD",2014-03-24,675000,122268035
" BRENTWOOD",2014-03-27,204200,122472235
" BRENTWOOD",2014-03-28,803634,123275869
" BRENTWOOD",2014-03-31,369000,123644869
" BRENTWOOD",2014-04-02,233750,123878619
" BRENTWOOD",2014-04-03,550500,124429119
" BRENTWOOD",2014-04-04,1644500,126073619
" BRENTWOOD",2014-04-07,318000,126391619
" BRENTWOOD",2014-04-08,230000,126621619
" BRENTWOOD",2014-04-09,672000,127293619
" BRENTWOOD",2014-04-10,63750,127357369
" BRENTWOOD",2014-04-11,1490815,128848184
" BRENTWOOD",2014-04-15,580000,129428184
" BRENTWOOD",2014-04-17,275000,129703184
" BRENTWOOD",2014-04-18,770545,130473729
" BRENTWOOD",2014-04-21,230000,130703729
" BRENTWOOD",2014-04-22,152500,130856229
" BRENTWOOD",2014-04-23,1995000,132851229
" BRENTWOOD",2014-04-25,965900,133817129
" BRENTWOOD",2014-04-28,313000,134130129
" BRENTWOOD",2014-04-29,288500,134418629
" BRENTWOOD",2014-04-30,689900,135108529
" BRENTWOOD",2014-05-01,480000,135588529
" BRENTWOOD",2014-05-02,375000,135963529
" BRENTWOOD",2014-05-08,63750,136027279
" BRENTWOOD",2014-05-09,540000,136567279
" BRENTWOOD",2014-05-12,325000,136892279
" BRENTWOOD",2014-05-13,174000,137066279
" BRENTWOOD",2014-05-14,216500,137282779
" BRENTWOOD",2014-05-15,972850,138255629
" BRENTWOOD",2014-05-16,572400,138828029
" BRENTWOOD",2014-05-21,615330,139443359
" BRENTWOOD",2014-05-22,1363750,140807109
" BRENTWOOD",2014-05-23,290940,141098049
" BRENTWOOD",2014-05-28,2354000,143452049
" BRENTWOOD",2014-05-29,227000,143679049
" BRENTWOOD",2014-05-30,514100,144193149
" BRENTWOOD",2014-06-02,1218000,145411149
" BRENTWOOD",2014-06-03,354900,145766049
" BRENTWOOD",2014-06-04,349977,146116026
" BRENTWOOD",2014-06-05,240000,146356026
" BRENTWOOD",2014-06-06,1021100,147377126
" BRENTWOOD",2014-06-11,235000,147612126
" BRENTWOOD",2014-06-13,1230500,148842626
" BRENTWOOD",2014-06-16,245000,149087626
" BRENTWOOD",2014-06-17,435000,149522626
" BRENTWOOD",2014-06-19,211500,149734126
" BRENTWOOD",2014-06-20,1595000,151329126
" BRENTWOOD",2014-06-24,853190,152182316
" BRENTWOOD",2014-06-25,1242900,153425216
" BRENTWOOD",2014-06-26,869415,154294631
" BRENTWOOD",2014-06-27,801000,155095631
" BRENTWOOD",2014-06-30,760000,155855631
" BRENTWOOD",2014-07-01,576750,156432381
" BRENTWOOD",2014-07-02,826155,157258536
" BRENTWOOD",2014-07-07,1010000,158268536
" BRENTWOOD",2014-07-09,815900,159084436
" BRENTWOOD",2014-07-10,679900,159764336
" BRENTWOOD",2014-07-11,1230874,160995210
" BRENTWOOD",2014-07-14,729800,161725010
" BRENTWOOD",2014-07-15,632000,162357010
" BRENTWOOD",2014-07-17,425000,162782010
" BRENTWOOD",2014-07-18,4834874,167616884
" BRENTWOOD",2014-07-21,415000,168031884
" BRENTWOOD",2014-07-23,199900,168231784
" BRENTWOOD",2014-07-24,63750,168295534
" BRENTWOOD",2014-07-25,1326000,169621534
" BRENTWOOD",2014-07-28,153000,169774534
" BRENTWOOD",2014-07-30,200000,169974534
" BRENTWOOD",2014-07-31,1265240,171239774
" BRENTWOOD",2014-08-01,663669,171903443
" BRENTWOOD",2014-08-05,535000,172438443
" BRENTWOOD",2014-08-06,720000,173158443
" BRENTWOOD",2014-08-07,577900,173736343
" BRENTWOOD",2014-08-08,508481,174244824
" BRENTWOOD",2014-08-14,450835,174695659
" BRENTWOOD",2014-08-15,1833879,176529538
" BRENTWOOD",2014-08-21,777000,177306538
" BRENTWOOD",2014-08-22,664500,177971038
" BRENTWOOD",2014-08-25,345000,178316038
" BRENTWOOD",2014-08-26,262890,178578928
" BRENTWOOD",2014-08-27,503999,179082927
" BRENTWOOD",2014-08-28,1197350,180280277
" BRENTWOOD",2014-08-29,1807000,182087277
" BRENTWOOD",2014-09-02,1090720,183177997
" BRENTWOOD",2014-09-03,391750,183569747
" BRENTWOOD",2014-09-04,401500,183971247
" BRENTWOOD",2014-09-05,922400,184893647
" BRENTWOOD",2014-09-07,194900,185088547
" BRENTWOOD",2014-09-09,162000,185250547
" BRENTWOOD",2014-09-12,1299900,186550447
" BRENTWOOD",2014-09-15,1380400,187930847
" BRENTWOOD",2014-09-16,374500,188305347
" BRENTWOOD",2014-09-17,479625,188784972
" BRENTWOOD",2014-09-19,698000,189482972
" BRENTWOOD",2014-09-22,977500,190460472
" BRENTWOOD",2014-09-23,672000,191132472
" BRENTWOOD",2014-09-24,256665,191389137
" BRENTWOOD",2014-09-25,836370,192225507
" BRENTWOOD",2014-09-26,2296595,194522102
" BRENTWOOD",2014-09-29,364000,194886102
" BRENTWOOD",2014-09-30,1634635,196520737
" BRENTWOOD",2014-10-02,533000,197053737
" BRENTWOOD",2014-10-03,535185,197588922
" BRENTWOOD",2014-10-06,195000,197783922
" BRENTWOOD",2014-10-07,280000,198063922
" BRENTWOOD",2014-10-08,538843,198602765
" BRENTWOOD",2014-10-09,315000,198917765
" BRENTWOOD",2014-10-10,331220,199248985
" BRENTWOOD",2014-10-14,553250,199802235
" BRENTWOOD",2014-10-15,1978750,201780985
" BRENTWOOD",2014-10-16,323000,202103985
" BRENTWOOD",2014-10-17,604500,202708485
" BRENTWOOD",2014-10-20,327927,203036412
" BRENTWOOD",2014-10-22,968545,204004957
" BRENTWOOD",2014-10-23,312000,204316957
" BRENTWOOD",2014-10-24,624900,204941857
" BRENTWOOD",2014-10-28,370000,205311857
" BRENTWOOD",2014-10-29,685405,205997262
" BRENTWOOD",2014-10-30,1148500,207145762
" BRENTWOOD",2014-10-31,570000,207715762
" BRENTWOOD",2014-11-01,250000,207965762
" BRENTWOOD",2014-11-03,290000,208255762
" BRENTWOOD",2014-11-04,319000,208574762
" BRENTWOOD",2014-11-05,209000,208783762
" BRENTWOOD",2014-11-07,63750,208847512
" BRENTWOOD",2014-11-10,727535,209575047
" BRENTWOOD",2014-11-12,833900,210408947
" BRENTWOOD",2014-11-13,466960,210875907
" BRENTWOOD",2014-11-14,4107900,214983807
" BRENTWOOD",2014-11-17,1770450,216754257
" BRENTWOOD",2014-11-18,590000,217344257
" BRENTWOOD",2014-11-19,1009900,218354157
" BRENTWOOD",2014-11-21,630000,218984157
" BRENTWOOD",2014-11-24,397500,219381657
" BRENTWOOD",2014-11-25,2282000,221663657
" BRENTWOOD",2014-11-26,142000,221805657
" BRENTWOOD",2014-12-02,1469050,223274707
" BRENTWOOD",2014-12-03,541000,223815707
" BRENTWOOD",2014-12-05,1745508,225561215
" BRENTWOOD",2014-12-10,299000,225860215
" BRENTWOOD",2014-12-12,530000,226390215
" BRENTWOOD",2014-12-15,1011400,227401615
" BRENTWOOD",2014-12-16,1188000,228589615
" BRENTWOOD",2014-12-18,1889900,230479515
" BRENTWOOD",2014-12-19,553500,231033015
" BRENTWOOD",2014-12-22,178500,231211515
" BRENTWOOD",2014-12-23,239990,231451505
" BRENTWOOD",2014-12-29,176000,231627505
" BRENTWOOD",2014-12-30,2010820,233638325
" BRENTWOOD",2014-12-31,207990,233846315
" BRENTWOOD",2015-01-02,1786000,235632315
" BRENTWOOD",2015-01-05,671500,236303815
" BRENTWOOD",2015-01-06,387250,236691065
" BRENTWOOD",2015-01-07,713750,237404815
" BRENTWOOD",2015-01-12,211000,237615815
" BRENTWOOD",2015-01-15,241900,237857715
" BRENTWOOD",2015-01-16,831500,238689215
" BRENTWOOD",2015-01-19,127500,238816715
" BRENTWOOD",2015-01-21,225000,239041715
" BRENTWOOD",2015-01-22,863750,239905465
" BRENTWOOD",2015-01-23,316000,240221465
" BRENTWOOD",2015-01-28,338000,240559465
" BRENTWOOD",2015-01-29,1402749,241962214
" BRENTWOOD",2015-01-30,1292000,243254214
" BRENTWOOD",2015-02-02,63750,243317964
" BRENTWOOD",2015-02-03,214000,243531964
" BRENTWOOD",2015-02-06,237040,243769004
" BRENTWOOD",2015-02-09,313500,244082504
" BRENTWOOD",2015-02-10,255000,244337504
" BRENTWOOD",2015-02-12,395000,244732504
" BRENTWOOD",2015-02-13,668149,245400653
" BRENTWOOD",2015-02-16,253750,245654403
" BRENTWOOD",2015-02-17,1345000,246999403
" BRENTWOOD",2015-02-23,269000,247268403
" BRENTWOOD",2015-02-24,355000,247623403
" BRENTWOOD",2015-02-25,1750000,249373403
" BRENTWOOD",2015-03-02,760750,250134153
" BRENTWOOD",2015-03-04,168250,250302403
" BRENTWOOD",2015-03-05,250000,250552403
" BRENTWOOD",2015-03-06,1436050,251988453
" BRENTWOOD",2015-03-11,460000,252448453
" BRENTWOOD",2015-03-12,1186954,253635407
" BRENTWOOD",2015-03-13,580000,254215407
" BRENTWOOD",2015-03-16,628775,254844182
" BRENTWOOD",2015-03-17,501000,255345182
" BRENTWOOD",2015-03-18,63750,255408932
" BRENTWOOD",2015-03-19,427000,255835932
" BRENTWOOD",2015-03-20,180000,256015932
" BRENTWOOD",2015-03-23,880500,256896432
" BRENTWOOD",2015-03-24,814613,257711045
" BRENTWOOD",2015-03-25,165500,257876545
" BRENTWOOD",2015-03-26,335000,258211545
" BRENTWOOD",2015-03-27,217000,258428545
" BRENTWOOD",2015-03-30,977700,259406245
" BRENTWOOD",2015-03-31,3780425,263186670
" BRENTWOOD",2015-04-01,63750,263250420
" BRENTWOOD",2015-04-02,2444350,265694770
" BRENTWOOD",2015-04-07,254725,265949495
" BRENTWOOD",2015-04-08,63750,266013245
" BRENTWOOD",2015-04-09,564500,266577745
" BRENTWOOD",2015-04-10,978500,267556245
" BRENTWOOD",2015-04-13,365000,267921245
" BRENTWOOD",2015-04-15,179200,268100445
" BRENTWOOD",2015-04-17,529081,268629526
" BRENTWOOD",2015-04-20,262000,268891526
" BRENTWOOD",2015-04-21,348750,269240276
" BRENTWOOD",2015-04-22,275000,269515276
" BRENTWOOD",2015-04-23,250035,269765311
" BRENTWOOD",2015-04-24,681000,270446311
" BRENTWOOD",2015-04-27,781500,271227811
" BRENTWOOD",2015-04-28,358900,271586711
" BRENTWOOD",2015-04-29,1184274,272770985
" BRENTWOOD",2015-04-30,1941750,274712735
" BRENTWOOD",2015-05-01,934800,275647535
" BRENTWOOD",2015-05-05,554000,276201535
" BRENTWOOD",2015-05-08,285000,276486535
" BRENTWOOD",2015-05-11,639000,277125535
" BRENTWOOD",2015-05-12,324000,277449535
" BRENTWOOD",2015-05-14,235500,277685035
" BRENTWOOD",2015-05-15,2743900,280428935
" BRENTWOOD",2015-05-18,580000,281008935
" BRENTWOOD",2015-05-19,215000,281223935
" BRENTWOOD",2015-05-20,409500,281633435
" BRENTWOOD",2015-05-21,385000,282018435
" BRENTWOOD",2015-05-22,1389549,283407984
" BRENTWOOD",2015-05-26,809875,284217859
" BRENTWOOD",2015-05-27,1614519,285832378
" BRENTWOOD",2015-05-28,2709525,288541903
" BRENTWOOD",2015-05-29,1706500,290248403
" BRENTWOOD",2015-06-01,235000,290483403
" BRENTWOOD",2015-06-02,187250,290670653
" BRENTWOOD",2015-06-03,857500,291528153
" BRENTWOOD",2015-06-04,827320,292355473
" BRENTWOOD",2015-06-05,1450775,293806248
" BRENTWOOD",2015-06-08,400000,294206248
" BRENTWOOD",2015-06-09,717614,294923862
" BRENTWOOD",2015-06-10,971825,295895687
" BRENTWOOD",2015-06-11,395100,296290787
" BRENTWOOD",2015-06-12,980000,297270787
" BRENTWOOD",2015-06-15,1415000,298685787
" BRENTWOOD",2015-06-16,289900,298975687
" BRENTWOOD",2015-06-17,1132575,300108262
" BRENTWOOD",2015-06-19,7589275,307697537
" BRENTWOOD",2015-06-22,1138800,308836337
" BRENTWOOD",2015-06-23,649230,309485567
" BRENTWOOD",2015-06-24,558599,310044166
" BRENTWOOD",2015-06-25,450550,310494716
" BRENTWOOD",2015-06-26,2343974,312838690
" BRENTWOOD",2015-06-29,1244520,314083210
" BRENTWOOD",2015-06-30,1840725,315923935
" BRENTWOOD",2015-07-01,258500,316182435
" BRENTWOOD",2015-07-02,417274,316599709
" BRENTWOOD",2015-07-06,800000,317399709
" BRENTWOOD",2015-07-07,230000,317629709
" BRENTWOOD",2015-07-08,1053000,318682709
" BRENTWOOD",2015-07-09,520175,319202884
" BRENTWOOD",2015-07-10,387500,319590384
" BRENTWOOD",2015-07-13,318000,319908384
" BRENTWOOD",2015-07-14,254735,320163119
" BRENTWOOD",2015-07-15,631250,320794369
" BRENTWOOD",2015-07-16,200500,320994869
" BRENTWOOD",2015-07-17,1689862,322684731
" BRENTWOOD",2015-07-20,673500,323358231
" BRENTWOOD",2015-07-22,428170,323786401
" BRENTWOOD",2015-07-23,245400,324031801
" BRENTWOOD",2015-07-24,2879271,326911072
" BRENTWOOD",2015-07-27,2705900,329616972
" BRENTWOOD",2015-07-28,1571399,331188371
" BRENTWOOD",2015-07-29,1307500,332495871
" BRENTWOOD",2015-07-30,1257500,333753371
" BRENTWOOD",2015-07-31,2295500,336048871
" BRENTWOOD",2015-08-03,574900,336623771
" BRENTWOOD",2015-08-04,630000,337253771
" BRENTWOOD",2015-08-05,916000,338169771
" BRENTWOOD",2015-08-06,218000,338387771
" BRENTWOOD",2015-08-07,1604780,339992551
" BRENTWOOD",2015-08-10,619602,340612153
" BRENTWOOD",2015-08-11,1420990,342033143
" BRENTWOOD",2015-08-12,1414156,343447299
" BRENTWOOD",2015-08-13,300000,343747299
" BRENTWOOD",2015-08-14,2576008,346323307
" BRENTWOOD",2015-08-17,430900,346754207
" BRENTWOOD",2015-08-19,524900,347279107
" BRENTWOOD",2015-08-21,512900,347792007
" BRENTWOOD",2015-08-24,2273581,350065588
" BRENTWOOD",2015-08-26,410650,350476238
" BRENTWOOD",2015-08-27,894833,351371071
" BRENTWOOD",2015-08-28,2321850,353692921
" BRENTWOOD",2015-08-31,1598013,355290934
" BRENTWOOD",2015-09-01,391500,355682434
" BRENTWOOD",2015-09-02,684600,356367034
" BRENTWOOD",2015-09-04,1981250,358348284
" BRENTWOOD",2015-09-09,525900,358874184
" BRENTWOOD",2015-09-10,1100500,359974684
" BRENTWOOD",2015-09-11,1487390,361462074
" BRENTWOOD",2015-09-14,1794500,363256574
" BRENTWOOD",2015-09-15,978025,364234599
" BRENTWOOD",2015-09-17,1508795,365743394
" BRENTWOOD",2015-09-18,2631732,368375126
" BRENTWOOD",2015-09-21,1750377,370125503
" BRENTWOOD",2015-09-22,374990,370500493
" BRENTWOOD",2015-09-25,2603221,373103714
" BRENTWOOD",2015-09-28,1291304,374395018
" BRENTWOOD",2015-09-29,1489700,375884718
" BRENTWOOD",2015-09-30,2998490,378883208
" BRENTWOOD",2015-10-01,1122400,380005608
" BRENTWOOD",2015-10-02,781550,380787158
" BRENTWOOD",2015-10-05,623521,381410679
" BRENTWOOD",2015-10-08,716500,382127179
" BRENTWOOD",2015-10-09,457100,382584279
" BRENTWOOD",2015-10-13,727600,383311879
" BRENTWOOD",2015-10-14,307000,383618879
" BRENTWOOD",2015-10-15,597000,384215879
" BRENTWOOD",2015-10-16,304500,384520379
" BRENTWOOD",2015-10-19,624000,385144379
" BRENTWOOD",2015-10-22,921325,386065704
" BRENTWOOD",2015-10-23,877349,386943053
" BRENTWOOD",2015-10-26,220000,387163053
" BRENTWOOD",2015-10-29,1375000,388538053
" BRENTWOOD",2015-11-02,593250,389131303
" BRENTWOOD",2015-11-03,888549,390019852
" BRENTWOOD",2015-11-04,273175,390293027
" BRENTWOOD",2015-11-05,355000,390648027
" BRENTWOOD",2015-11-06,491595,391139622
" BRENTWOOD",2015-11-10,70000,391209622
" BRENTWOOD",2015-11-13,777800,391987422
" BRENTWOOD",2015-11-16,360000,392347422
" BRENTWOOD",2015-11-17,779900,393127322
" BRENTWOOD",2015-11-18,314000,393441322
" BRENTWOOD",2015-11-19,297447,393738769
" BRENTWOOD",2015-11-20,2223041,395961810
" BRENTWOOD",2015-11-23,352000,396313810
" BRENTWOOD",2015-11-24,527750,396841560
" BRENTWOOD",2015-11-25,508510,397350070
" BRENTWOOD",2015-11-30,998350,398348420
" BRENTWOOD",2015-12-01,210000,398558420
" BRENTWOOD",2015-12-02,65000,398623420
" BRENTWOOD",2015-12-03,369600,398993020
" BRENTWOOD",2015-12-07,497000,399490020
" BRENTWOOD",2015-12-08,239900,399729920
" BRENTWOOD",2015-12-09,311000,400040920
" BRENTWOOD",2015-12-10,195000,400235920
" BRENTWOOD",2015-12-11,255000,400490920
" BRENTWOOD",2015-12-14,398500,400889420
" BRENTWOOD",2015-12-16,731240,401620660
" BRENTWOOD",2015-12-17,1170500,402791160
" BRENTWOOD",2015-12-18,1006921,403798081
" BRENTWOOD",2015-12-21,600000,404398081
" BRENTWOOD",2015-12-22,665300,405063381
" BRENTWOOD",2015-12-28,1320780,406384161
" BRENTWOOD",2015-12-29,1557452,407941613
" BRENTWOOD",2015-12-30,1016599,408958212
" BRENTWOOD",2016-01-06,320000,409278212
" BRENTWOOD",2016-01-08,165000,409443212
" BRENTWOOD",2016-01-11,1350000,410793212
" BRENTWOOD",2016-01-13,285890,411079102
" BRENTWOOD",2016-01-15,570000,411649102
" BRENTWOOD",2016-01-19,481020,412130122
" BRENTWOOD",2016-01-20,170000,412300122
" BRENTWOOD",2016-01-22,1315000,413615122
" BRENTWOOD",2016-01-25,609000,414224122
" BRENTWOOD",2016-01-26,255000,414479122
" BRENTWOOD",2016-01-27,212000,414691122
" BRENTWOOD",2016-01-29,689890,415381012
" BRENTWOOD",2016-02-02,830000,416211012
" BRENTWOOD",2016-02-03,546245,416757257
" BRENTWOOD",2016-02-10,845990,417603247
" BRENTWOOD",2016-02-11,960000,418563247
" BRENTWOOD",2016-02-12,473215,419036462
" BRENTWOOD",2016-02-16,1871074,420907536
" BRENTWOOD",2016-02-17,50000,420957536
" BRENTWOOD",2016-02-18,1135950,422093486
" BRENTWOOD",2016-02-19,1038650,423132136
" BRENTWOOD",2016-02-22,430000,423562136
" BRENTWOOD",2016-02-23,680000,424242136
" BRENTWOOD",2016-02-24,316950,424559086
" BRENTWOOD",2016-02-26,1789400,426348486
" BRENTWOOD",2016-03-01,342805,426691291
" BRENTWOOD",2016-03-02,150000,426841291
" BRENTWOOD",2016-03-04,332000,427173291
" BRENTWOOD",2016-03-07,374000,427547291
" BRENTWOOD",2016-03-08,239000,427786291
" BRENTWOOD",2016-03-11,239924,428026215
" BRENTWOOD",2016-03-14,202000,428228215
" BRENTWOOD",2016-03-15,267000,428495215
" BRENTWOOD",2016-03-17,370000,428865215
" BRENTWOOD",2016-03-18,1049085,429914300
" BRENTWOOD",2016-03-21,294790,430209090
" BRENTWOOD",2016-03-24,975000,431184090
" BRENTWOOD",2016-03-25,929935,432114025
" BRENTWOOD",2016-03-28,1054400,433168425
" BRENTWOOD",2016-03-29,353000,433521425
" BRENTWOOD",2016-03-31,1512000,435033425
" BRENTWOOD",2016-04-01,990240,436023665
" BRENTWOOD",2016-04-05,295000,436318665
" BRENTWOOD",2016-04-06,330000,436648665
" BRENTWOOD",2016-04-07,365000,437013665
" BRENTWOOD",2016-04-08,276309,437289974
" BRENTWOOD",2016-04-11,1129900,438419874
" BRENTWOOD",2016-04-12,285852,438705726
" BRENTWOOD",2016-04-13,134900,438840626
" BRENTWOOD",2016-04-14,3559059,442399685
" BRENTWOOD",2016-04-15,2778900,445178585
" BRENTWOOD",2016-04-18,682000,445860585
" BRENTWOOD",2016-04-19,355000,446215585
" BRENTWOOD",2016-04-20,726500,446942085
" BRENTWOOD",2016-04-21,753000,447695085
" BRENTWOOD",2016-04-22,765944,448461029
" BRENTWOOD",2016-04-25,830535,449291564
" BRENTWOOD",2016-04-26,695000,449986564
" BRENTWOOD",2016-04-27,232500,450219064
" BRENTWOOD",2016-04-28,757325,450976389
" BRENTWOOD",2016-04-29,2338900,453315289
" BRENTWOOD",2016-05-02,355000,453670289
" BRENTWOOD",2016-05-03,332394,454002683
" BRENTWOOD",2016-05-04,305000,454307683
" BRENTWOOD",2016-05-05,1589900,455897583
" BRENTWOOD",2016-05-06,815192,456712775
" BRENTWOOD",2016-05-09,488000,457200775
" BRENTWOOD",2016-05-12,1946040,459146815
" BRENTWOOD",2016-05-13,745000,459891815
" BRENTWOOD",2016-05-16,610000,460501815
" BRENTWOOD",2016-05-19,1016500,461518315
" BRENTWOOD",2016-05-20,1096250,462614565
" BRENTWOOD",2016-05-23,1499500,464114065
" BRENTWOOD",2016-05-25,639800,464753865
" BRENTWOOD",2016-05-26,329900,465083765
" BRENTWOOD",2016-05-27,1847350,466931115
" BRENTWOOD",2016-05-30,429900,467361015
" BRENTWOOD",2016-05-31,1098000,468459015
" BRENTWOOD",2016-06-01,926000,469385015
" BRENTWOOD",2016-06-02,942500,470327515
" BRENTWOOD",2016-06-03,2054700,472382215
" BRENTWOOD",2016-06-06,1126309,473508524
" BRENTWOOD",2016-06-07,365499,473874023
" BRENTWOOD",2016-06-08,620700,474494723
" BRENTWOOD",2016-06-09,413000,474907723
" BRENTWOOD",2016-06-10,181000,475088723
" BRENTWOOD",2016-06-13,286940,475375663
" BRENTWOOD",2016-06-14,808900,476184563
" BRENTWOOD",2016-06-15,1976240,478160803
" BRENTWOOD",2016-06-16,275000,478435803
" BRENTWOOD",2016-06-17,954600,479390403
" BRENTWOOD",2016-06-20,325000,479715403
" BRENTWOOD",2016-06-22,300000,480015403
" BRENTWOOD",2016-06-23,1634849,481650252
" BRENTWOOD",2016-06-24,1453575,483103827
" BRENTWOOD",2016-06-27,290500,483394327
" BRENTWOOD",2016-06-28,1315000,484709327
" BRENTWOOD",2016-06-29,420600,485129927
" BRENTWOOD",2016-06-30,2689309,487819236
" BRENTWOOD",2016-07-01,428400,488247636
" BRENTWOOD",2016-07-05,266000,488513636
" BRENTWOOD",2016-07-06,985000,489498636
" BRENTWOOD",2016-07-07,355000,489853636
" BRENTWOOD",2016-07-08,384900,490238536
" BRENTWOOD",2016-07-11,620000,490858536
" BRENTWOOD",2016-07-12,387000,491245536
" BRENTWOOD",2016-07-14,657900,491903436
" BRENTWOOD",2016-07-15,1350950,493254386
" BRENTWOOD",2016-07-18,609900,493864286
" BRENTWOOD",2016-07-19,290000,494154286
" BRENTWOOD",2016-07-21,279000,494433286
" BRENTWOOD",2016-07-25,704900,495138186
" BRENTWOOD",2016-07-27,330000,495468186
" BRENTWOOD",2016-08-01,1138500,496606686
" BRENTWOOD",2016-08-02,739945,497346631
" BRENTWOOD",2016-08-03,247500,497594131
" BRENTWOOD",2016-08-04,825500,498419631
" BRENTWOOD",2016-08-05,1054900,499474531
" BRENTWOOD",2016-08-08,1399900,500874431
" BRENTWOOD",2016-08-09,814500,501688931
" BRENTWOOD",2016-08-10,351000,502039931
" BRENTWOOD",2016-08-11,217000,502256931
" BRENTWOOD",2016-08-12,863000,503119931
" BRENTWOOD",2016-08-15,286000,503405931
" BRENTWOOD",2016-08-16,365000,503770931
" BRENTWOOD",2016-08-17,134000,503904931
" BRENTWOOD",2016-08-18,2247285,506152216
" BRENTWOOD",2016-08-19,471000,506623216
" BRENTWOOD",2016-08-22,250000,506873216
" BRENTWOOD",2016-08-24,349900,507223116
" BRENTWOOD",2016-08-29,399994,507623110
" BRENTWOOD",2016-08-30,275000,507898110
" BRENTWOOD",2016-08-31,683000,508581110
" BRENTWOOD",2016-09-01,510000,509091110
" BRENTWOOD",2016-09-02,375000,509466110
" BRENTWOOD",2016-09-07,431000,509897110
" BRENTWOOD",2016-09-08,1836000,511733110
" BRENTWOOD",2016-09-09,1722500,513455610
" BRENTWOOD",2016-09-12,1041000,514496610
" BRENTWOOD",2016-09-13,285000,514781610
" BRENTWOOD",2016-09-14,360000,515141610
" BRENTWOOD",2016-09-15,2478900,517620510
" BRENTWOOD",2016-09-16,1303000,518923510
" BRENTWOOD",2016-09-19,209000,519132510
" BRENTWOOD",2016-09-20,825500,519958010
" BRENTWOOD",2016-09-21,305400,520263410
" BRENTWOOD",2016-09-23,695000,520958410
" BRENTWOOD",2016-09-27,990900,521949310
" BRENTWOOD",2016-09-28,857760,522807070
" BRENTWOOD",2016-09-29,639900,523446970
" BRENTWOOD",2016-09-30,900000,524346970
" BRENTWOOD",2016-10-03,290800,524637770
" BRENTWOOD",2016-10-05,439900,525077670
" BRENTWOOD",2016-10-07,206500,525284170
" BRENTWOOD",2016-10-14,1182000,526466170
" BRENTWOOD",2016-10-17,205000,526671170
" BRENTWOOD",2016-10-18,440000,527111170
" BRENTWOOD",2016-10-21,285000,527396170
" BRENTWOOD",2016-10-25,360000,527756170
" BRENTWOOD",2016-10-26,586500,528342670
" BRENTWOOD",2016-10-28,1035000,529377670
" BRENTWOOD",2016-10-31,212000,529589670
" FRANKLIN",2013-07-31,150000,150000
" GOODLETTSVILLE",2013-01-11,165000,165000
" GOODLETTSVILLE",2013-02-08,129900,294900
" GOODLETTSVILLE",2013-02-19,115000,409900
" GOODLETTSVILLE",2013-02-25,389000,798900
" GOODLETTSVILLE",2013-03-04,165000,963900
" GOODLETTSVILLE",2013-03-12,167900,1131800
" GOODLETTSVILLE",2013-03-15,160000,1291800
" GOODLETTSVILLE",2013-03-19,106800,1398600
" GOODLETTSVILLE",2013-03-22,123000,1521600
" GOODLETTSVILLE",2013-03-25,20000,1541600
" GOODLETTSVILLE",2013-03-26,155000,1696600
" GOODLETTSVILLE",2013-04-05,399000,2095600
" GOODLETTSVILLE",2013-04-08,115000,2210600
" GOODLETTSVILLE",2013-04-09,240000,2450600
" GOODLETTSVILLE",2013-04-12,20000,2470600
" GOODLETTSVILLE",2013-04-15,186900,2657500
" GOODLETTSVILLE",2013-04-18,152000,2809500
" GOODLETTSVILLE",2013-04-22,164900,2974400
" GOODLETTSVILLE",2013-04-25,139900,3114300
" GOODLETTSVILLE",2013-04-29,317500,3431800
" GOODLETTSVILLE",2013-04-30,590800,4022600
" GOODLETTSVILLE",2013-05-01,162900,4185500
" GOODLETTSVILLE",2013-05-03,209000,4394500
" GOODLETTSVILLE",2013-05-10,250000,4644500
" GOODLETTSVILLE",2013-05-15,180000,4824500
" GOODLETTSVILLE",2013-05-23,120000,4944500
" GOODLETTSVILLE",2013-05-30,156000,5100500
" GOODLETTSVILLE",2013-05-31,264900,5365400
" GOODLETTSVILLE",2013-06-03,149900,5515300
" GOODLETTSVILLE",2013-06-04,160000,5675300
" GOODLETTSVILLE",2013-06-06,149000,5824300
" GOODLETTSVILLE",2013-06-07,317400,6141700
" GOODLETTSVILLE",2013-06-14,184942,6326642
" GOODLETTSVILLE",2013-06-17,172000,6498642
" GOODLETTSVILLE",2013-06-24,408900,6907542
" GOODLETTSVILLE",2013-06-25,169900,7077442
" GOODLETTSVILLE",2013-06-26,120000,7197442
" GOODLETTSVILLE",2013-06-27,125000,7322442
" GOODLETTSVILLE",2013-06-28,1054500,8376942
" GOODLETTSVILLE",2013-07-03,298500,8675442
" GOODLETTSVILLE",2013-07-08,192500,8867942
" GOODLETTSVILLE",2013-07-18,231000,9098942
" GOODLETTSVILLE",2013-07-19,140000,9238942
" GOODLETTSVILLE",2013-07-22,186500,9425442
" GOODLETTSVILLE",2013-07-25,203900,9629342
" GOODLETTSVILLE",2013-07-26,234900,9864242
" GOODLETTSVILLE",2013-07-29,165000,10029242
" GOODLETTSVILLE",2013-07-31,251000,10280242
" GOODLETTSVILLE",2013-08-06,203000,10483242
" GOODLETTSVILLE",2013-08-07,137500,10620742
" GOODLETTSVILLE",2013-08-12,142500,10763242
" GOODLETTSVILLE",2013-08-13,100500,10863742
" GOODLETTSVILLE",2013-08-15,160000,11023742
" GOODLETTSVILLE",2013-08-16,83000,11106742
" GOODLETTSVILLE",2013-08-20,123500,11230242
" GOODLETTSVILLE",2013-08-21,239000,11469242
" GOODLETTSVILLE",2013-08-22,135000,11604242
" GOODLETTSVILLE",2013-08-23,404400,12008642
" GOODLETTSVILLE",2013-08-30,460900,12469542
" GOODLETTSVILLE",2013-09-05,230000,12699542
" GOODLETTSVILLE",2013-09-06,170000,12869542
" GOODLETTSVILLE",2013-09-16,101900,12971442
" GOODLETTSVILLE",2013-09-18,189000,13160442
" GOODLETTSVILLE",2013-09-20,164800,13325242
" GOODLETTSVILLE",2013-09-27,112000,13437242
" GOODLETTSVILLE",2013-10-09,148000,13585242
" GOODLETTSVILLE",2013-10-11,574900,14160142
" GOODLETTSVILLE",2013-10-15,287000,14447142
" GOODLETTSVILLE",2013-10-18,181000,14628142
" GOODLETTSVILLE",2013-10-21,172400,14800542
" GOODLETTSVILLE",2013-10-23,290000,15090542
" GOODLETTSVILLE",2013-10-24,100000,15190542
" GOODLETTSVILLE",2013-10-25,317900,15508442
" GOODLETTSVILLE",2013-10-31,153000,15661442
" GOODLETTSVILLE",2013-11-04,88000,15749442
" GOODLETTSVILLE",2013-11-08,148000,15897442
" GOODLETTSVILLE",2013-11-12,267900,16165342
" GOODLETTSVILLE",2013-11-13,154000,16319342
" GOODLETTSVILLE",2013-11-22,208900,16528242
" GOODLETTSVILLE",2013-11-27,93000,16621242
" GOODLETTSVILLE",2013-12-06,317000,16938242
" GOODLETTSVILLE",2013-12-10,163000,17101242
" GOODLETTSVILLE",2013-12-12,585000,17686242
" GOODLETTSVILLE",2013-12-18,144500,17830742
" GOODLETTSVILLE",2013-12-31,272000,18102742
" GOODLETTSVILLE",2014-01-03,213000,18315742
" GOODLETTSVILLE",2014-01-14,142000,18457742
" GOODLETTSVILLE",2014-01-15,112000,18569742
" GOODLETTSVILLE",2014-01-17,87500,18657242
" GOODLETTSVILLE",2014-01-21,43000,18700242
" GOODLETTSVILLE",2014-01-27,165000,18865242
" GOODLETTSVILLE",2014-01-29,198000,19063242
" GOODLETTSVILLE",2014-01-30,173500,19236742
" GOODLETTSVILLE",2014-01-31,295500,19532242
" GOODLETTSVILLE",2014-02-05,123000,19655242
" GOODLETTSVILLE",2014-02-07,152500,19807742
" GOODLETTSVILLE",2014-02-10,132900,19940642
" GOODLETTSVILLE",2014-02-14,281000,20221642
" GOODLETTSVILLE",2014-02-18,194900,20416542
" GOODLETTSVILLE",2014-02-24,212500,20629042
" GOODLETTSVILLE",2014-02-26,40000,20669042
" GOODLETTSVILLE",2014-02-28,154000,20823042
" GOODLETTSVILLE",2014-03-04,150000,20973042
" GOODLETTSVILLE",2014-03-07,155000,21128042
" GOODLETTSVILLE",2014-03-13,150000,21278042
" GOODLETTSVILLE",2014-03-14,342900,21620942
" GOODLETTSVILLE",2014-03-18,359900,21980842
" GOODLETTSVILLE",2014-03-21,119000,22099842
" GOODLETTSVILLE",2014-03-28,188000,22287842
" GOODLETTSVILLE",2014-03-31,534950,22822792
" GOODLETTSVILLE",2014-04-04,275000,23097792
" GOODLETTSVILLE",2014-04-10,243000,23340792
" GOODLETTSVILLE",2014-04-11,158000,23498792
" GOODLETTSVILLE",2014-04-15,120000,23618792
" GOODLETTSVILLE",2014-04-17,175000,23793792
" GOODLETTSVILLE",2014-04-25,184000,23977792
" GOODLETTSVILLE",2014-04-29,317400,24295192
" GOODLETTSVILLE",2014-05-02,158000,24453192
" GOODLETTSVILLE",2014-05-09,159500,24612692
" GOODLETTSVILLE",2014-05-14,205900,24818592
" GOODLETTSVILLE",2014-05-15,297900,25116492
" GOODLETTSVILLE",2014-05-21,177400,25293892
" GOODLETTSVILLE",2014-05-22,128200,25422092
" GOODLETTSVILLE",2014-05-23,185000,25607092
" GOODLETTSVILLE",2014-06-05,176811,25783903
" GOODLETTSVILLE",2014-06-06,117000,25900903
" GOODLETTSVILLE",2014-06-09,210000,26110903
" GOODLETTSVILLE",2014-06-10,366000,26476903
" GOODLETTSVILLE",2014-06-13,117000,26593903
" GOODLETTSVILLE",2014-06-18,108000,26701903
" GOODLETTSVILLE",2014-06-20,383500,27085403
" GOODLETTSVILLE",2014-06-24,349400,27434803
" GOODLETTSVILLE",2014-06-27,545800,27980603
" GOODLETTSVILLE",2014-06-30,954850,28935453
" GOODLETTSVILLE",2014-07-02,163500,29098953
" GOODLETTSVILLE",2014-07-03,318000,29416953
" GOODLETTSVILLE",2014-07-15,85900,29502853
" GOODLETTSVILLE",2014-07-16,267000,29769853
" GOODLETTSVILLE",2014-07-18,112000,29881853
" GOODLETTSVILLE",2014-07-23,81000,29962853
" GOODLETTSVILLE",2014-07-24,74900,30037753
" GOODLETTSVILLE",2014-07-29,306000,30343753
" GOODLETTSVILLE",2014-07-30,393900,30737653
" GOODLETTSVILLE",2014-07-31,373900,31111553
" GOODLETTSVILLE",2014-08-01,529500,31641053
" GOODLETTSVILLE",2014-08-15,124500,31765553
" GOODLETTSVILLE",2014-08-19,148000,31913553
" GOODLETTSVILLE",2014-08-21,127000,32040553
" GOODLETTSVILLE",2014-08-26,167000,32207553
" GOODLETTSVILLE",2014-08-27,145900,32353453
" GOODLETTSVILLE",2014-08-28,351000,32704453
" GOODLETTSVILLE",2014-08-29,623000,33327453
" GOODLETTSVILLE",2014-09-02,147000,33474453
" GOODLETTSVILLE",2014-09-05,264900,33739353
" GOODLETTSVILLE",2014-09-08,111000,33850353
" GOODLETTSVILLE",2014-09-10,110000,33960353
" GOODLETTSVILLE",2014-09-16,127000,34087353
" GOODLETTSVILLE",2014-09-18,105000,34192353
" GOODLETTSVILLE",2014-09-19,114000,34306353
" GOODLETTSVILLE",2014-09-24,290000,34596353
" GOODLETTSVILLE",2014-09-26,326000,34922353
" GOODLETTSVILLE",2014-09-29,197500,35119853
" GOODLETTSVILLE",2014-09-30,434900,35554753
" GOODLETTSVILLE",2014-10-03,613700,36168453
" GOODLETTSVILLE",2014-10-10,353000,36521453
" GOODLETTSVILLE",2014-10-14,25000,36546453
" GOODLETTSVILLE",2014-10-17,230000,36776453
" GOODLETTSVILLE",2014-10-21,330000,37106453
" GOODLETTSVILLE",2014-10-23,164000,37270453
" GOODLETTSVILLE",2014-10-24,359900,37630353
" GOODLETTSVILLE",2014-10-27,314600,37944953
" GOODLETTSVILLE",2014-10-28,179900,38124853
" GOODLETTSVILLE",2014-10-30,281000,38405853
" GOODLETTSVILLE",2014-10-31,379100,38784953
" GOODLETTSVILLE",2014-11-05,143900,38928853
" GOODLETTSVILLE",2014-11-06,107000,39035853
" GOODLETTSVILLE",2014-11-07,116000,39151853
" GOODLETTSVILLE",2014-11-12,141900,39293753
" GOODLETTSVILLE",2014-11-14,149900,39443653
" GOODLETTSVILLE",2014-11-17,121500,39565153
" GOODLETTSVILLE",2014-11-18,96400,39661553
" GOODLETTSVILLE",2014-11-25,110000,39771553
" GOODLETTSVILLE",2014-12-01,109000,39880553
" GOODLETTSVILLE",2014-12-02,134900,40015453
" GOODLETTSVILLE",2014-12-03,85000,40100453
" GOODLETTSVILLE",2014-12-04,224900,40325353
" GOODLETTSVILLE",2014-12-05,379020,40704373
" GOODLETTSVILLE",2014-12-08,155000,40859373
" GOODLETTSVILLE",2014-12-11,482800,41342173
" GOODLETTSVILLE",2014-12-12,434000,41776173
" GOODLETTSVILLE",2014-12-15,280500,42056673
" GOODLETTSVILLE",2014-12-16,133000,42189673
" GOODLETTSVILLE",2014-12-17,179999,42369672
" GOODLETTSVILLE",2014-12-18,158500,42528172
" GOODLETTSVILLE",2014-12-19,148000,42676172
" GOODLETTSVILLE",2014-12-30,215000,42891172
" GOODLETTSVILLE",2014-12-31,261650,43152822
" GOODLETTSVILLE",2015-01-05,112444,43265266
" GOODLETTSVILLE",2015-01-09,244000,43509266
" GOODLETTSVILLE",2015-01-13,293000,43802266
" GOODLETTSVILLE",2015-01-15,135000,43937266
" GOODLETTSVILLE",2015-01-16,342000,44279266
" GOODLETTSVILLE",2015-01-23,117000,44396266
" GOODLETTSVILLE",2015-01-26,162500,44558766
" GOODLETTSVILLE",2015-01-30,255000,44813766
" GOODLETTSVILLE",2015-02-09,80000,44893766
" GOODLETTSVILLE",2015-02-10,450700,45344466
" GOODLETTSVILLE",2015-03-02,110000,45454466
" GOODLETTSVILLE",2015-03-09,381000,45835466
" GOODLETTSVILLE",2015-03-13,1059900,46895366
" GOODLETTSVILLE",2015-03-23,155000,47050366
" GOODLETTSVILLE",2015-03-31,315800,47366166
" GOODLETTSVILLE",2015-04-09,134000,47500166
" GOODLETTSVILLE",2015-04-14,425000,47925166
" GOODLETTSVILLE",2015-04-15,153000,48078166
" GOODLETTSVILLE",2015-04-17,159000,48237166
" GOODLETTSVILLE",2015-04-22,174000,48411166
" GOODLETTSVILLE",2015-04-23,279500,48690666
" GOODLETTSVILLE",2015-04-27,64000,48754666
" GOODLETTSVILLE",2015-04-28,155000,48909666
" GOODLETTSVILLE",2015-04-29,81000,48990666
" GOODLETTSVILLE",2015-04-30,162500,49153166
" GOODLETTSVILLE",2015-05-01,104491000,153644166
" GOODLETTSVILLE",2015-05-05,413900,154058066
" GOODLETTSVILLE",2015-05-08,374298,154432364
" GOODLETTSVILLE",2015-05-15,428900,154861264
" GOODLETTSVILLE",2015-05-20,152400,155013664
" GOODLETTSVILLE",2015-05-21,172900,155186564
" GOODLETTSVILLE",2015-05-22,150000,155336564
" GOODLETTSVILLE",2015-05-26,120000,155456564
" GOODLETTSVILLE",2015-05-27,43000,155499564
" GOODLETTSVILLE",2015-05-28,333800,155833364
" GOODLETTSVILLE",2015-05-29,600000,156433364
" GOODLETTSVILLE",2015-06-01,133000,156566364
" GOODLETTSVILLE",2015-06-04,150000,156716364
" GOODLETTSVILLE",2015-06-05,403000,157119364
" GOODLETTSVILLE",2015-06-09,173000,157292364
" GOODLETTSVILLE",2015-06-12,394500,157686864
" GOODLETTSVILLE",2015-06-18,179900,157866764
" GOODLETTSVILLE",2015-06-25,669000,158535764
" GOODLETTSVILLE",2015-06-26,127000,158662764
" GOODLETTSVILLE",2015-06-30,440900,159103664
" GOODLETTSVILLE",2015-07-02,295000,159398664
" GOODLETTSVILLE",2015-07-06,260000,159658664
" GOODLETTSVILLE",2015-07-10,529000,160187664
" GOODLETTSVILLE",2015-07-13,190000,160377664
" GOODLETTSVILLE",2015-07-15,303967,160681631
" GOODLETTSVILLE",2015-07-17,385750,161067381
" GOODLETTSVILLE",2015-07-20,355900,161423281
" GOODLETTSVILLE",2015-07-24,174900,161598181
" GOODLETTSVILLE",2015-07-27,139900,161738081
" GOODLETTSVILLE",2015-07-28,182000,161920081
" GOODLETTSVILLE",2015-07-31,537500,162457581
" GOODLETTSVILLE",2015-08-03,195000,162652581
" GOODLETTSVILLE",2015-08-07,347000,162999581
" GOODLETTSVILLE",2015-08-10,155000,163154581
" GOODLETTSVILLE",2015-08-14,627400,163781981
" GOODLETTSVILLE",2015-08-25,174900,163956881
" GOODLETTSVILLE",2015-08-26,127000,164083881
" GOODLETTSVILLE",2015-08-27,271000,164354881
" GOODLETTSVILLE",2015-08-28,675900,165030781
" GOODLETTSVILLE",2015-08-31,193500,165224281
" GOODLETTSVILLE",2015-09-09,190000,165414281
" GOODLETTSVILLE",2015-09-11,216000,165630281
" GOODLETTSVILLE",2015-09-14,108750,165739031
" GOODLETTSVILLE",2015-09-17,518000,166257031
" GOODLETTSVILLE",2015-09-18,310000,166567031
" GOODLETTSVILLE",2015-09-21,124000,166691031
" GOODLETTSVILLE",2015-09-22,146000,166837031
" GOODLETTSVILLE",2015-09-23,144000,166981031
" GOODLETTSVILLE",2015-09-24,160000,167141031
" GOODLETTSVILLE",2015-09-25,277000,167418031
" GOODLETTSVILLE",2015-09-30,524341,167942372
" GOODLETTSVILLE",2015-10-05,142000,168084372
" GOODLETTSVILLE",2015-10-09,585000,168669372
" GOODLETTSVILLE",2015-10-13,325000,168994372
" GOODLETTSVILLE",2015-10-14,248250,169242622
" GOODLETTSVILLE",2015-10-15,167000,169409622
" GOODLETTSVILLE",2015-10-16,110000,169519622
" GOODLETTSVILLE",2015-10-21,479300,169998922
" GOODLETTSVILLE",2015-10-26,461500,170460422
" GOODLETTSVILLE",2015-10-28,95000,170555422
" GOODLETTSVILLE",2015-11-05,66800,170622222
" GOODLETTSVILLE",2015-11-06,189900,170812122
" GOODLETTSVILLE",2015-11-10,127500,170939622
" GOODLETTSVILLE",2015-11-13,335000,171274622
" GOODLETTSVILLE",2015-11-20,196000,171470622
" GOODLETTSVILLE",2015-11-24,293000,171763622
" GOODLETTSVILLE",2015-11-27,145000,171908622
" GOODLETTSVILLE",2015-11-30,287500,172196122
" GOODLETTSVILLE",2015-12-03,450000,172646122
" GOODLETTSVILLE",2015-12-04,278650,172924772
" GOODLETTSVILLE",2015-12-09,356000,173280772
" GOODLETTSVILLE",2015-12-11,232944,173513716
" GOODLETTSVILLE",2015-12-22,274000,173787716
" GOODLETTSVILLE",2015-12-30,415000,174202716
" GOODLETTSVILLE",2016-01-06,7897500,182100216
" GOODLETTSVILLE",2016-01-11,306000,182406216
" GOODLETTSVILLE",2016-01-14,120000,182526216
" GOODLETTSVILLE",2016-01-15,135000,182661216
" GOODLETTSVILLE",2016-01-18,145000,182806216
" GOODLETTSVILLE",2016-01-22,220000,183026216
" GOODLETTSVILLE",2016-01-26,585000,183611216
" GOODLETTSVILLE",2016-01-28,220000,183831216
" GOODLETTSVILLE",2016-01-29,415500,184246716
" GOODLETTSVILLE",2016-02-01,240000,184486716
" GOODLETTSVILLE",2016-02-08,160000,184646716
" GOODLETTSVILLE",2016-02-10,168500,184815216
" GOODLETTSVILLE",2016-02-12,267400,185082616
" GOODLETTSVILLE",2016-02-17,180000,185262616
" GOODLETTSVILLE",2016-02-19,160200,185422816
" GOODLETTSVILLE",2016-02-25,207000,185629816
" GOODLETTSVILLE",2016-03-02,189000,185818816
" GOODLETTSVILLE",2016-03-03,171500,185990316
" GOODLETTSVILLE",2016-03-04,329500,186319816
" GOODLETTSVILLE",2016-03-07,165000,186484816
" GOODLETTSVILLE",2016-03-08,190000,186674816
" GOODLETTSVILLE",2016-03-11,276500,186951316
" GOODLETTSVILLE",2016-03-14,115000,187066316
" GOODLETTSVILLE",2016-03-18,130000,187196316
" GOODLETTSVILLE",2016-03-22,159000,187355316
" GOODLETTSVILLE",2016-03-24,145000,187500316
" GOODLETTSVILLE",2016-03-25,189900,187690216
" GOODLETTSVILLE",2016-03-28,212000,187902216
" GOODLETTSVILLE",2016-03-30,166000,188068216
" GOODLETTSVILLE",2016-03-31,209761,188277977
" GOODLETTSVILLE",2016-04-07,205000,188482977
" GOODLETTSVILLE",2016-04-08,157500,188640477
" GOODLETTSVILLE",2016-04-11,176000,188816477
" GOODLETTSVILLE",2016-04-12,125000,188941477
" GOODLETTSVILLE",2016-04-14,951300,189892777
" GOODLETTSVILLE",2016-04-15,267500,190160277
" GOODLETTSVILLE",2016-04-18,220000,190380277
" GOODLETTSVILLE",2016-04-21,148000,190528277
" GOODLETTSVILLE",2016-04-22,150000,190678277
" GOODLETTSVILLE",2016-04-25,114900,190793177
" GOODLETTSVILLE",2016-04-26,189900,190983077
" GOODLETTSVILLE",2016-04-28,315000,191298077
" GOODLETTSVILLE",2016-04-29,169000,191467077
" GOODLETTSVILLE",2016-05-02,160900,191627977
" GOODLETTSVILLE",2016-05-05,220000,191847977
" GOODLETTSVILLE",2016-05-06,162000,192009977
" GOODLETTSVILLE",2016-05-13,345000,192354977
" GOODLETTSVILLE",2016-05-16,912700,193267677
" GOODLETTSVILLE",2016-05-18,414900,193682577
" GOODLETTSVILLE",2016-05-20,176000,193858577
" GOODLETTSVILLE",2016-05-26,330000,194188577
" GOODLETTSVILLE",2016-05-27,639500,194828077
" GOODLETTSVILLE",2016-05-31,614900,195442977
" GOODLETTSVILLE",2016-06-03,167000,195609977
" GOODLETTSVILLE",2016-06-06,324000,195933977
" GOODLETTSVILLE",2016-06-07,364900,196298877
" GOODLETTSVILLE",2016-06-08,179300,196478177
" GOODLETTSVILLE",2016-06-09,135000,196613177
" GOODLETTSVILLE",2016-06-10,484999,197098176
" GOODLETTSVILLE",2016-06-13,150000,197248176
" GOODLETTSVILLE",2016-06-15,174900,197423076
" GOODLETTSVILLE",2016-06-16,315000,197738076
" GOODLETTSVILLE",2016-06-17,175000,197913076
" GOODLETTSVILLE",2016-06-24,195000,198108076
" GOODLETTSVILLE",2016-06-29,270000,198378076
" GOODLETTSVILLE",2016-06-30,316000,198694076
" GOODLETTSVILLE",2016-07-01,170000,198864076
" GOODLETTSVILLE",2016-07-05,275605,199139681
" GOODLETTSVILLE",2016-07-08,505000,199644681
" GOODLETTSVILLE",2016-07-12,239900,199884581
" GOODLETTSVILLE",2016-07-13,149900,200034481
" GOODLETTSVILLE",2016-07-15,699400,200733881
" GOODLETTSVILLE",2016-07-20,562400,201296281
" GOODLETTSVILLE",2016-07-22,152500,201448781
" GOODLETTSVILLE",2016-08-01,330000,201778781
" GOODLETTSVILLE",2016-08-03,133400,201912181
" GOODLETTSVILLE",2016-08-05,371000,202283181
" GOODLETTSVILLE",2016-08-11,314000,202597181
" GOODLETTSVILLE",2016-08-12,800000,203397181
" GOODLETTSVILLE",2016-08-17,200000,203597181
" GOODLETTSVILLE",2016-08-18,157000,203754181
" GOODLETTSVILLE",2016-08-19,356500,204110681
" GOODLETTSVILLE",2016-08-25,152240,204262921
" GOODLETTSVILLE",2016-08-29,661300,204924221
" GOODLETTSVILLE",2016-09-02,320000,205244221
" GOODLETTSVILLE",2016-09-07,496500,205740721
" GOODLETTSVILLE",2016-09-09,160850,205901571
" GOODLETTSVILLE",2016-09-12,162500,206064071
" GOODLETTSVILLE",2016-09-15,824700,206888771
" GOODLETTSVILLE",2016-09-16,395000,207283771
" GOODLETTSVILLE",2016-09-22,265000,207548771
" GOODLETTSVILLE",2016-09-23,273000,207821771
" GOODLETTSVILLE",2016-09-26,435000,208256771
" GOODLETTSVILLE",2016-09-27,262000,208518771
" GOODLETTSVILLE",2016-09-29,526900,209045671
" GOODLETTSVILLE",2016-09-30,228000,209273671
" GOODLETTSVILLE",2016-10-04,438900,209712571
" GOODLETTSVILLE",2016-10-07,181000,209893571
" GOODLETTSVILLE",2016-10-14,379000,210272571
" GOODLETTSVILLE",2016-10-20,179000,210451571
" GOODLETTSVILLE",2016-10-21,270000,210721571
" GOODLETTSVILLE",2016-10-24,98000,210819571
" GOODLETTSVILLE",2016-10-28,189900,211009471
" GOODLETTSVILLE",2016-10-31,422900,211432371
" HERMITAGE",2013-01-03,47025,47025
" HERMITAGE",2013-01-08,78600,125625
" HERMITAGE",2013-01-09,83500,209125
" HERMITAGE",2013-01-10,261022,470147
" HERMITAGE",2013-01-14,55000,525147
" HERMITAGE",2013-01-15,387449,912596
" HERMITAGE",2013-01-17,479413,1392009
" HERMITAGE",2013-01-18,311900,1703909
" HERMITAGE",2013-01-22,148000,1851909
" HERMITAGE",2013-01-23,140000,1991909
" HERMITAGE",2013-01-24,105150,2097059
" HERMITAGE",2013-01-25,249000,2346059
" HERMITAGE",2013-01-28,138600,2484659
" HERMITAGE",2013-02-01,263900,2748559
" HERMITAGE",2013-02-05,112500,2861059
" HERMITAGE",2013-02-07,525096,3386155
" HERMITAGE",2013-02-13,85000,3471155
" HERMITAGE",2013-02-14,126000,3597155
" HERMITAGE",2013-02-15,1231300,4828455
" HERMITAGE",2013-02-18,152900,4981355
" HERMITAGE",2013-02-19,385500,5366855
" HERMITAGE",2013-02-20,145000,5511855
" HERMITAGE",2013-02-21,230000,5741855
" HERMITAGE",2013-02-22,487463,6229318
" HERMITAGE",2013-02-25,208900,6438218
" HERMITAGE",2013-03-01,245664,6683882
" HERMITAGE",2013-03-04,144000,6827882
" HERMITAGE",2013-03-05,230000,7057882
" HERMITAGE",2013-03-06,233223,7291105
" HERMITAGE",2013-03-07,443750,7734855
" HERMITAGE",2013-03-08,691000,8425855
" HERMITAGE",2013-03-11,287000,8712855
" HERMITAGE",2013-03-13,130700,8843555
" HERMITAGE",2013-03-14,278624,9122179
" HERMITAGE",2013-03-15,414900,9537079
" HERMITAGE",2013-03-19,330800,9867879
" HERMITAGE",2013-03-20,296000,10163879
" HERMITAGE",2013-03-21,750070,10913949
" HERMITAGE",2013-03-22,662100,11576049
" HERMITAGE",2013-03-26,224900,11800949
" HERMITAGE",2013-03-27,151000,11951949
" HERMITAGE",2013-03-28,335325,12287274
" HERMITAGE",2013-04-01,136000,12423274
" HERMITAGE",2013-04-02,509837,12933111
" HERMITAGE",2013-04-03,265500,13198611
" HERMITAGE",2013-04-05,431900,13630511
" HERMITAGE",2013-04-08,212500,13843011
" HERMITAGE",2013-04-09,265000,14108011
" HERMITAGE",2013-04-10,147481,14255492
" HERMITAGE",2013-04-11,562514,14818006
" HERMITAGE",2013-04-12,1005818,15823824
" HERMITAGE",2013-04-15,685800,16509624
" HERMITAGE",2013-04-16,114000,16623624
" HERMITAGE",2013-04-17,155000,16778624
" HERMITAGE",2013-04-18,396611,17175235
" HERMITAGE",2013-04-19,398000,17573235
" HERMITAGE",2013-04-22,217500,17790735
" HERMITAGE",2013-04-23,178900,17969635
" HERMITAGE",2013-04-24,210000,18179635
" HERMITAGE",2013-04-25,567500,18747135
" HERMITAGE",2013-04-26,2686396,21433531
" HERMITAGE",2013-04-29,568700,22002231
" HERMITAGE",2013-04-30,1349240,23351471
" HERMITAGE",2013-05-01,180250,23531721
" HERMITAGE",2013-05-03,295500,23827221
" HERMITAGE",2013-05-07,703900,24531121
" HERMITAGE",2013-05-08,689016,25220137
" HERMITAGE",2013-05-09,472900,25693037
" HERMITAGE",2013-05-10,165000,25858037
" HERMITAGE",2013-05-13,110000,25968037
" HERMITAGE",2013-05-14,667720,26635757
" HERMITAGE",2013-05-15,592700,27228457
" HERMITAGE",2013-05-16,506990,27735447
" HERMITAGE",2013-05-17,796109,28531556
" HERMITAGE",2013-05-20,809000,29340556
" HERMITAGE",2013-05-21,141000,29481556
" HERMITAGE",2013-05-22,290900,29772456
" HERMITAGE",2013-05-23,941500,30713956
" HERMITAGE",2013-05-24,488500,31202456
" HERMITAGE",2013-05-28,227823,31430279
" HERMITAGE",2013-05-29,753900,32184179
" HERMITAGE",2013-05-30,1164022,33348201
" HERMITAGE",2013-05-31,1726610,35074811
" HERMITAGE",2013-06-03,108000,35182811
" HERMITAGE",2013-06-04,1013890,36196701
" HERMITAGE",2013-06-05,193587,36390288
" HERMITAGE",2013-06-06,50500,36440788
" HERMITAGE",2013-06-10,665397,37106185
" HERMITAGE",2013-06-12,255000,37361185
" HERMITAGE",2013-06-13,154000,37515185
" HERMITAGE",2013-06-14,1035350,38550535
" HERMITAGE",2013-06-17,402000,38952535
" HERMITAGE",2013-06-18,143500,39096035
" HERMITAGE",2013-06-20,191000,39287035
" HERMITAGE",2013-06-21,1497939,40784974
" HERMITAGE",2013-06-24,469310,41254284
" HERMITAGE",2013-06-25,305500,41559784
" HERMITAGE",2013-06-26,706964,42266748
" HERMITAGE",2013-06-27,1091879,43358627
" HERMITAGE",2013-06-28,1939181,45297808
" HERMITAGE",2013-07-01,624400,45922208
" HERMITAGE",2013-07-02,367000,46289208
" HERMITAGE",2013-07-03,284500,46573708
" HERMITAGE",2013-07-09,551434,47125142
" HERMITAGE",2013-07-10,742745,47867887
" HERMITAGE",2013-07-11,144000,48011887
" HERMITAGE",2013-07-12,533400,48545287
" HERMITAGE",2013-07-15,892299,49437586
" HERMITAGE",2013-07-16,255100,49692686
" HERMITAGE",2013-07-17,1034500,50727186
" HERMITAGE",2013-07-18,232000,50959186
" HERMITAGE",2013-07-19,1078660,52037846
" HERMITAGE",2013-07-22,124900,52162746
" HERMITAGE",2013-07-23,393900,52556646
" HERMITAGE",2013-07-24,374250,52930896
" HERMITAGE",2013-07-25,422500,53353396
" HERMITAGE",2013-07-26,690200,54043596
" HERMITAGE",2013-07-29,796400,54839996
" HERMITAGE",2013-07-30,116300,54956296
" HERMITAGE",2013-07-31,1344300,56300596
" HERMITAGE",2013-08-01,516055,56816651
" HERMITAGE",2013-08-02,370750,57187401
" HERMITAGE",2013-08-05,164750,57352151
" HERMITAGE",2013-08-07,375690,57727841
" HERMITAGE",2013-08-08,73100,57800941
" HERMITAGE",2013-08-09,323000,58123941
" HERMITAGE",2013-08-12,352855,58476796
" HERMITAGE",2013-08-14,255000,58731796
" HERMITAGE",2013-08-15,135000,58866796
" HERMITAGE",2013-08-16,840909,59707705
" HERMITAGE",2013-08-19,371600,60079305
" HERMITAGE",2013-08-20,612300,60691605
" HERMITAGE",2013-08-21,563735,61255340
" HERMITAGE",2013-08-22,155000,61410340
" HERMITAGE",2013-08-23,941775,62352115
" HERMITAGE",2013-08-26,473500,62825615
" HERMITAGE",2013-08-27,145000,62970615
" HERMITAGE",2013-08-28,267000,63237615
" HERMITAGE",2013-08-29,398900,63636515
" HERMITAGE",2013-08-30,1699650,65336165
" HERMITAGE",2013-09-03,4005462,69341627
" HERMITAGE",2013-09-04,82000,69423627
" HERMITAGE",2013-09-05,115000,69538627
" HERMITAGE",2013-09-06,660100,70198727
" HERMITAGE",2013-09-09,219000,70417727
" HERMITAGE",2013-09-11,499215,70916942
" HERMITAGE",2013-09-12,190000,71106942
" HERMITAGE",2013-09-13,1531873,72638815
" HERMITAGE",2013-09-16,300000,72938815
" HERMITAGE",2013-09-17,468500,73407315
" HERMITAGE",2013-09-19,50500,73457815
" HERMITAGE",2013-09-20,557547,74015362
" HERMITAGE",2013-09-24,680291,74695653
" HERMITAGE",2013-09-25,577339,75272992
" HERMITAGE",2013-09-26,231755,75504747
" HERMITAGE",2013-09-27,773487,76278234
" HERMITAGE",2013-09-30,1291528,77569762
" HERMITAGE",2013-10-01,353345,77923107
" HERMITAGE",2013-10-02,337650,78260757
" HERMITAGE",2013-10-03,576808,78837565
" HERMITAGE",2013-10-04,336900,79174465
" HERMITAGE",2013-10-07,135000,79309465
" HERMITAGE",2013-10-08,719980,80029445
" HERMITAGE",2013-10-10,186000,80215445
" HERMITAGE",2013-10-11,699895,80915340
" HERMITAGE",2013-10-12,172000,81087340
" HERMITAGE",2013-10-14,274000,81361340
" HERMITAGE",2013-10-15,110000,81471340
" HERMITAGE",2013-10-17,1657381,83128721
" HERMITAGE",2013-10-18,299800,83428521
" HERMITAGE",2013-10-21,206500,83635021
" HERMITAGE",2013-10-22,486000,84121021
" HERMITAGE",2013-10-23,299812,84420833
" HERMITAGE",2013-10-24,735887,85156720
" HERMITAGE",2013-10-25,944032,86100752
" HERMITAGE",2013-10-28,114000,86214752
" HERMITAGE",2013-10-29,424000,86638752
" HERMITAGE",2013-10-30,1539797,88178549
" HERMITAGE",2013-10-31,807538,88986087
" HERMITAGE",2013-11-04,350179,89336266
" HERMITAGE",2013-11-05,468534,89804800
" HERMITAGE",2013-11-07,262900,90067700
" HERMITAGE",2013-11-08,931772,90999472
" HERMITAGE",2013-11-11,159000,91158472
" HERMITAGE",2013-11-12,333140,91491612
" HERMITAGE",2013-11-13,148000,91639612
" HERMITAGE",2013-11-14,147000,91786612
" HERMITAGE",2013-11-15,1858648,93645260
" HERMITAGE",2013-11-19,226080,93871340
" HERMITAGE",2013-11-20,616884,94488224
" HERMITAGE",2013-11-21,1054352,95542576
" HERMITAGE",2013-11-22,2163322,97705898
" HERMITAGE",2013-11-25,143000,97848898
" HERMITAGE",2013-11-26,401238,98250136
" HERMITAGE",2013-11-27,1400263,99650399
" HERMITAGE",2013-12-02,502500,100152899
" HERMITAGE",2013-12-04,230212,100383111
" HERMITAGE",2013-12-05,781500,101164611
" HERMITAGE",2013-12-06,380500,101545111
" HERMITAGE",2013-12-09,283800,101828911
" HERMITAGE",2013-12-10,150000,101978911
" HERMITAGE",2013-12-11,573875,102552786
" HERMITAGE",2013-12-12,1074395,103627181
" HERMITAGE",2013-12-13,885800,104512981
" HERMITAGE",2013-12-16,516900,105029881
" HERMITAGE",2013-12-17,237711,105267592
" HERMITAGE",2013-12-18,127000,105394592
" HERMITAGE",2013-12-19,807640,106202232
" HERMITAGE",2013-12-20,1721316,107923548
" HERMITAGE",2013-12-23,696169,108619717
" HERMITAGE",2013-12-24,154000,108773717
" HERMITAGE",2013-12-26,285600,109059317
" HERMITAGE",2013-12-27,871000,109930317
" HERMITAGE",2013-12-30,356400,110286717
" HERMITAGE",2013-12-31,1125613,111412330
" HERMITAGE",2014-01-02,200000,111612330
" HERMITAGE",2014-01-03,355000,111967330
" HERMITAGE",2014-01-06,347061,112314391
" HERMITAGE",2014-01-10,396150,112710541
" HERMITAGE",2014-01-13,85000,112795541
" HERMITAGE",2014-01-15,293000,113088541
" HERMITAGE",2014-01-16,135000,113223541
" HERMITAGE",2014-01-21,344613,113568154
" HERMITAGE",2014-01-22,256315,113824469
" HERMITAGE",2014-01-23,275653,114100122
" HERMITAGE",2014-01-24,590352,114690474
" HERMITAGE",2014-01-27,381000,115071474
" HERMITAGE",2014-01-29,330500,115401974
" HERMITAGE",2014-01-30,379064,115781038
" HERMITAGE",2014-01-31,1600234,117381272
" HERMITAGE",2014-02-04,191724,117572996
" HERMITAGE",2014-02-05,142200,117715196
" HERMITAGE",2014-02-07,156500,117871696
" HERMITAGE",2014-02-11,5000,117876696
" HERMITAGE",2014-02-12,169500,118046196
" HERMITAGE",2014-02-13,1092498,119138694
" HERMITAGE",2014-02-14,830535,119969229
" HERMITAGE",2014-02-17,192000,120161229
" HERMITAGE",2014-02-18,195000,120356229
" HERMITAGE",2014-02-19,357000,120713229
" HERMITAGE",2014-02-20,50500,120763729
" HERMITAGE",2014-02-21,313073,121076802
" HERMITAGE",2014-02-24,1141879,122218681
" HERMITAGE",2014-02-26,445400,122664081
" HERMITAGE",2014-02-27,149900,122813981
" HERMITAGE",2014-02-28,2353971,125167952
" HERMITAGE",2014-03-03,650000,125817952
" HERMITAGE",2014-03-04,186900,126004852
" HERMITAGE",2014-03-05,482675,126487527
" HERMITAGE",2014-03-06,478400,126965927
" HERMITAGE",2014-03-07,1009950,127975877
" HERMITAGE",2014-03-11,124900,128100777
" HERMITAGE",2014-03-13,164000,128264777
" HERMITAGE",2014-03-14,1308945,129573722
" HERMITAGE",2014-03-17,5000,129578722
" HERMITAGE",2014-03-19,514950,130093672
" HERMITAGE",2014-03-20,413925,130507597
" HERMITAGE",2014-03-21,590000,131097597
" HERMITAGE",2014-03-24,344500,131442097
" HERMITAGE",2014-03-25,808789,132250886
" HERMITAGE",2014-03-27,858897,133109783
" HERMITAGE",2014-03-28,2147649,135257432
" HERMITAGE",2014-03-31,1012574,136270006
" HERMITAGE",2014-04-01,684635,136954641
" HERMITAGE",2014-04-03,331000,137285641
" HERMITAGE",2014-04-04,160190,137445831
" HERMITAGE",2014-04-08,532140,137977971
" HERMITAGE",2014-04-09,11358599,149336570
" HERMITAGE",2014-04-10,310500,149647070
" HERMITAGE",2014-04-11,1059392,150706462
" HERMITAGE",2014-04-14,215000,150921462
" HERMITAGE",2014-04-15,1135645,152057107
" HERMITAGE",2014-04-16,1274605,153331712
" HERMITAGE",2014-04-17,869000,154200712
" HERMITAGE",2014-04-18,733466,154934178
" HERMITAGE",2014-04-21,659107,155593285
" HERMITAGE",2014-04-22,315000,155908285
" HERMITAGE",2014-04-23,340000,156248285
" HERMITAGE",2014-04-24,725400,156973685
" HERMITAGE",2014-04-25,849700,157823385
" HERMITAGE",2014-04-28,936849,158760234
" HERMITAGE",2014-04-29,751750,159511984
" HERMITAGE",2014-04-30,1034890,160546874
" HERMITAGE",2014-05-01,325000,160871874
" HERMITAGE",2014-05-02,736900,161608774
" HERMITAGE",2014-05-06,330600,161939374
" HERMITAGE",2014-05-07,295900,162235274
" HERMITAGE",2014-05-08,158900,162394174
" HERMITAGE",2014-05-09,462000,162856174
" HERMITAGE",2014-05-12,711900,163568074
" HERMITAGE",2014-05-13,410500,163978574
" HERMITAGE",2014-05-14,269000,164247574
" HERMITAGE",2014-05-15,6839518,171087092
" HERMITAGE",2014-05-16,2331316,173418408
" HERMITAGE",2014-05-19,429934,173848342
" HERMITAGE",2014-05-20,739004,174587346
" HERMITAGE",2014-05-21,166409,174753755
" HERMITAGE",2014-05-22,533153,175286908
" HERMITAGE",2014-05-23,576500,175863408
" HERMITAGE",2014-05-28,240315,176103723
" HERMITAGE",2014-05-29,148000,176251723
" HERMITAGE",2014-05-30,166000,176417723
" HERMITAGE",2014-06-02,314900,176732623
" HERMITAGE",2014-06-03,194000,176926623
" HERMITAGE",2014-06-04,435485,177362108
" HERMITAGE",2014-06-06,736724,178098832
" HERMITAGE",2014-06-09,768715,178867547
" HERMITAGE",2014-06-10,164300,179031847
" HERMITAGE",2014-06-11,119000,179150847
" HERMITAGE",2014-06-12,602600,179753447
" HERMITAGE",2014-06-13,621662,180375109
" HERMITAGE",2014-06-16,579000,180954109
" HERMITAGE",2014-06-17,110000,181064109
" HERMITAGE",2014-06-18,289700,181353809
" HERMITAGE",2014-06-19,1228278,182582087
" HERMITAGE",2014-06-20,1405596,183987683
" HERMITAGE",2014-06-23,236900,184224583
" HERMITAGE",2014-06-24,573790,184798373
" HERMITAGE",2014-06-25,300500,185098873
" HERMITAGE",2014-06-26,1033879,186132752
" HERMITAGE",2014-06-27,2638152,188770904
" HERMITAGE",2014-06-29,96000,188866904
" HERMITAGE",2014-06-30,2093603,190960507
" HERMITAGE",2014-07-01,363000,191323507
" HERMITAGE",2014-07-02,348500,191672007
" HERMITAGE",2014-07-03,530248,192202255
" HERMITAGE",2014-07-07,165000,192367255
" HERMITAGE",2014-07-08,138000,192505255
" HERMITAGE",2014-07-09,193500,192698755
" HERMITAGE",2014-07-10,1320574,194019329
" HERMITAGE",2014-07-11,1072962,195092291
" HERMITAGE",2014-07-14,896400,195988691
" HERMITAGE",2014-07-15,1273800,197262491
" HERMITAGE",2014-07-16,490000,197752491
" HERMITAGE",2014-07-17,738000,198490491
" HERMITAGE",2014-07-18,2399674,200890165
" HERMITAGE",2014-07-21,607000,201497165
" HERMITAGE",2014-07-22,283500,201780665
" HERMITAGE",2014-07-24,1195800,202976465
" HERMITAGE",2014-07-25,1721461,204697926
" HERMITAGE",2014-07-28,200000,204897926
" HERMITAGE",2014-07-29,500384,205398310
" HERMITAGE",2014-07-30,1482180,206880490
" HERMITAGE",2014-07-31,2815086,209695576
" HERMITAGE",2014-08-01,1255100,210950676
" HERMITAGE",2014-08-04,159900,211110576
" HERMITAGE",2014-08-07,1295435,212406011
" HERMITAGE",2014-08-08,1061070,213467081
" HERMITAGE",2014-08-11,300000,213767081
" HERMITAGE",2014-08-12,186000,213953081
" HERMITAGE",2014-08-13,160000,214113081
" HERMITAGE",2014-08-14,887446,215000527
" HERMITAGE",2014-08-15,1005900,216006427
" HERMITAGE",2014-08-18,91200,216097627
" HERMITAGE",2014-08-19,318500,216416127
" HERMITAGE",2014-08-20,704225,217120352
" HERMITAGE",2014-08-21,296900,217417252
" HERMITAGE",2014-08-22,978884,218396136
" HERMITAGE",2014-08-25,1217425,219613561
" HERMITAGE",2014-08-26,11618400,231231961
" HERMITAGE",2014-08-27,809200,232041161
" HERMITAGE",2014-08-28,1895575,233936736
" HERMITAGE",2014-08-29,2417773,236354509
" HERMITAGE",2014-09-01,89000,236443509
" HERMITAGE",2014-09-02,318000,236761509
" HERMITAGE",2014-09-03,685300,237446809
" HERMITAGE",2014-09-04,735477,238182286
" HERMITAGE",2014-09-05,1219446,239401732
" HERMITAGE",2014-09-08,489660,239891392
" HERMITAGE",2014-09-09,173000,240064392
" HERMITAGE",2014-09-11,458500,240522892
" HERMITAGE",2014-09-12,2505886,243028778
" HERMITAGE",2014-09-14,254569,243283347
" HERMITAGE",2014-09-15,1777840,245061187
" HERMITAGE",2014-09-17,889775,245950962
" HERMITAGE",2014-09-18,639900,246590862
" HERMITAGE",2014-09-19,2343104,248933966
" HERMITAGE",2014-09-22,938400,249872366
" HERMITAGE",2014-09-23,217970,250090336
" HERMITAGE",2014-09-24,489923,250580259
" HERMITAGE",2014-09-25,897400,251477659
" HERMITAGE",2014-09-26,1587120,253064779
" HERMITAGE",2014-09-29,2905314,255970093
" HERMITAGE",2014-09-30,3616966,259587059
" HERMITAGE",2014-10-03,1357160,260944219
" HERMITAGE",2014-10-04,136000,261080219
" HERMITAGE",2014-10-06,227000,261307219
" HERMITAGE",2014-10-07,113900,261421119
" HERMITAGE",2014-10-08,352500,261773619
" HERMITAGE",2014-10-09,164500,261938119
" HERMITAGE",2014-10-10,239900,262178019
" HERMITAGE",2014-10-14,245000,262423019
" HERMITAGE",2014-10-15,466900,262889919
" HERMITAGE",2014-10-16,161000,263050919
" HERMITAGE",2014-10-17,532000,263582919
" HERMITAGE",2014-10-20,403500,263986419
" HERMITAGE",2014-10-21,681900,264668319
" HERMITAGE",2014-10-22,367000,265035319
" HERMITAGE",2014-10-23,452260,265487579
" HERMITAGE",2014-10-24,199000,265686579
" HERMITAGE",2014-10-27,182500,265869079
" HERMITAGE",2014-10-28,233000,266102079
" HERMITAGE",2014-10-29,1054000,267156079
" HERMITAGE",2014-10-30,375900,267531979
" HERMITAGE",2014-10-31,1850802,269382781
" HERMITAGE",2014-11-03,165000,269547781
" HERMITAGE",2014-11-04,803000,270350781
" HERMITAGE",2014-11-06,147900,270498681
" HERMITAGE",2014-11-07,803895,271302576
" HERMITAGE",2014-11-10,151000,271453576
" HERMITAGE",2014-11-12,398699,271852275
" HERMITAGE",2014-11-13,394000,272246275
" HERMITAGE",2014-11-14,1921025,274167300
" HERMITAGE",2014-11-17,932984,275100284
" HERMITAGE",2014-11-18,732398,275832682
" HERMITAGE",2014-11-20,377800,276210482
" HERMITAGE",2014-11-21,1251529,277462011
" HERMITAGE",2014-11-24,277900,277739911
" HERMITAGE",2014-11-25,540715,278280626
" HERMITAGE",2014-11-26,491097,278771723
" HERMITAGE",2014-11-28,179900,278951623
" HERMITAGE",2014-12-01,974950,279926573
" HERMITAGE",2014-12-02,387821,280314394
" HERMITAGE",2014-12-03,830000,281144394
" HERMITAGE",2014-12-04,469167,281613561
" HERMITAGE",2014-12-05,446647,282060208
" HERMITAGE",2014-12-08,235000,282295208
" HERMITAGE",2014-12-09,125000,282420208
" HERMITAGE",2014-12-10,421500,282841708
" HERMITAGE",2014-12-11,656955,283498663
" HERMITAGE",2014-12-12,1141480,284640143
" HERMITAGE",2014-12-15,460000,285100143
" HERMITAGE",2014-12-16,199640,285299783
" HERMITAGE",2014-12-17,367500,285667283
" HERMITAGE",2014-12-18,867150,286534433
" HERMITAGE",2014-12-19,1098990,287633423
" HERMITAGE",2014-12-22,985400,288618823
" HERMITAGE",2014-12-23,376500,288995323
" HERMITAGE",2014-12-26,198000,289193323
" HERMITAGE",2014-12-29,1734500,290927823
" HERMITAGE",2014-12-30,552400,291480223
" HERMITAGE",2014-12-31,780626,292260849
" HERMITAGE",2015-01-02,802294,293063143
" HERMITAGE",2015-01-05,189500,293252643
" HERMITAGE",2015-01-07,684843,293937486
" HERMITAGE",2015-01-08,139900,294077386
" HERMITAGE",2015-01-09,256300,294333686
" HERMITAGE",2015-01-12,417000,294750686
" HERMITAGE",2015-01-13,182500,294933186
" HERMITAGE",2015-01-15,159000,295092186
" HERMITAGE",2015-01-16,175500,295267686
" HERMITAGE",2015-01-21,149900,295417586
" HERMITAGE",2015-01-22,223000,295640586
" HERMITAGE",2015-01-23,371933,296012519
" HERMITAGE",2015-01-26,2570000,298582519
" HERMITAGE",2015-01-28,79000,298661519
" HERMITAGE",2015-01-29,2178046,300839565
" HERMITAGE",2015-01-30,1097670,301937235
" HERMITAGE",2015-02-02,1191900,303129135
" HERMITAGE",2015-02-03,283290,303412425
" HERMITAGE",2015-02-04,96500,303508925
" HERMITAGE",2015-02-05,739646,304248571
" HERMITAGE",2015-02-06,900400,305148971
" HERMITAGE",2015-02-09,441900,305590871
" HERMITAGE",2015-02-10,37000,305627871
" HERMITAGE",2015-02-11,23000,305650871
" HERMITAGE",2015-02-12,389800,306040671
" HERMITAGE",2015-02-13,152000,306192671
" HERMITAGE",2015-02-18,420000,306612671
" HERMITAGE",2015-02-20,550082,307162753
" HERMITAGE",2015-02-23,756500,307919253
" HERMITAGE",2015-02-25,904900,308824153
" HERMITAGE",2015-02-26,594000,309418153
" HERMITAGE",2015-03-03,193000,309611153
" HERMITAGE",2015-03-04,233000,309844153
" HERMITAGE",2015-03-05,298900,310143053
" HERMITAGE",2015-03-06,1316850,311459903
" HERMITAGE",2015-03-09,394900,311854803
" HERMITAGE",2015-03-10,134943,311989746
" HERMITAGE",2015-03-11,714000,312703746
" HERMITAGE",2015-03-12,959150,313662896
" HERMITAGE",2015-03-13,1344000,315006896
" HERMITAGE",2015-03-16,1375000,316381896
" HERMITAGE",2015-03-17,456250,316838146
" HERMITAGE",2015-03-18,268000,317106146
" HERMITAGE",2015-03-19,112500,317218646
" HERMITAGE",2015-03-20,1435153,318653799
" HERMITAGE",2015-03-23,583900,319237699
" HERMITAGE",2015-03-24,224900,319462599
" HERMITAGE",2015-03-25,137500,319600099
" HERMITAGE",2015-03-26,401947,320002046
" HERMITAGE",2015-03-27,862191,320864237
" HERMITAGE",2015-03-30,1039802,321904039
" HERMITAGE",2015-03-31,984172,322888211
" HERMITAGE",2015-04-01,321000,323209211
" HERMITAGE",2015-04-02,537800,323747011
" HERMITAGE",2015-04-03,156000,323903011
" HERMITAGE",2015-04-06,224500,324127511
" HERMITAGE",2015-04-09,1084900,325212411
" HERMITAGE",2015-04-10,485000,325697411
" HERMITAGE",2015-04-13,494000,326191411
" HERMITAGE",2015-04-14,517022,326708433
" HERMITAGE",2015-04-15,1058300,327766733
" HERMITAGE",2015-04-16,461587,328228320
" HERMITAGE",2015-04-17,549800,328778120
" HERMITAGE",2015-04-18,56000,328834120
" HERMITAGE",2015-04-20,443900,329278020
" HERMITAGE",2015-04-21,159800,329437820
" HERMITAGE",2015-04-22,503346,329941166
" HERMITAGE",2015-04-23,232500,330173666
" HERMITAGE",2015-04-24,1101800,331275466
" HERMITAGE",2015-04-27,1071000,332346466
" HERMITAGE",2015-04-28,409000,332755466
" HERMITAGE",2015-04-29,1283400,334038866
" HERMITAGE",2015-04-30,979400,335018266
" HERMITAGE",2015-05-01,440000,335458266
" HERMITAGE",2015-05-04,297000,335755266
" HERMITAGE",2015-05-05,573500,336328766
" HERMITAGE",2015-05-06,1360900,337689666
" HERMITAGE",2015-05-07,859900,338549566
" HERMITAGE",2015-05-08,791800,339341366
" HERMITAGE",2015-05-11,316010,339657376
" HERMITAGE",2015-05-15,1317200,340974576
" HERMITAGE",2015-05-19,352800,341327376
" HERMITAGE",2015-05-20,55000,341382376
" HERMITAGE",2015-05-21,160000,341542376
" HERMITAGE",2015-05-22,1018800,342561176
" HERMITAGE",2015-05-26,175000,342736176
" HERMITAGE",2015-05-27,1694423,344430599
" HERMITAGE",2015-05-28,2414142,346844741
" HERMITAGE",2015-05-29,3603697,350448438
" HERMITAGE",2015-06-01,160000,350608438
" HERMITAGE",2015-06-02,579242,351187680
" HERMITAGE",2015-06-04,1021800,352209480
" HERMITAGE",2015-06-05,651000,352860480
" HERMITAGE",2015-06-08,849000,353709480
" HERMITAGE",2015-06-09,272400,353981880
" HERMITAGE",2015-06-10,365785,354347665
" HERMITAGE",2015-06-11,975500,355323165
" HERMITAGE",2015-06-12,354000,355677165
" HERMITAGE",2015-06-15,818200,356495365
" HERMITAGE",2015-06-16,165000,356660365
" HERMITAGE",2015-06-17,450408,357110773
" HERMITAGE",2015-06-18,1078321,358189094
" HERMITAGE",2015-06-19,346400,358535494
" HERMITAGE",2015-06-22,857845,359393339
" HERMITAGE",2015-06-23,733047,360126386
" HERMITAGE",2015-06-24,2633681,362760067
" HERMITAGE",2015-06-25,935721,363695788
" HERMITAGE",2015-06-26,1258900,364954688
" HERMITAGE",2015-06-28,160000,365114688
" HERMITAGE",2015-06-29,2740448,367855136
" HERMITAGE",2015-06-30,3390932,371246068
" HERMITAGE",2015-07-01,1071990,372318058
" HERMITAGE",2015-07-02,1187638,373505696
" HERMITAGE",2015-07-03,374000,373879696
" HERMITAGE",2015-07-06,342900,374222596
" HERMITAGE",2015-07-07,588422,374811018
" HERMITAGE",2015-07-08,233500,375044518
" HERMITAGE",2015-07-09,55000,375099518
" HERMITAGE",2015-07-10,542400,375641918
" HERMITAGE",2015-07-11,122500,375764418
" HERMITAGE",2015-07-13,392000,376156418
" HERMITAGE",2015-07-14,265000,376421418
" HERMITAGE",2015-07-15,981800,377403218
" HERMITAGE",2015-07-16,957240,378360458
" HERMITAGE",2015-07-17,1236700,379597158
" HERMITAGE",2015-07-20,280400,379877558
" HERMITAGE",2015-07-21,951500,380829058
" HERMITAGE",2015-07-22,664500,381493558
" HERMITAGE",2015-07-23,793400,382286958
" HERMITAGE",2015-07-24,1343300,383630258
" HERMITAGE",2015-07-27,343460,383973718
" HERMITAGE",2015-07-28,1410222,385383940
" HERMITAGE",2015-07-29,961730,386345670
" HERMITAGE",2015-07-30,1744957,388090627
" HERMITAGE",2015-07-31,3060800,391151427
" HERMITAGE",2015-08-03,249900,391401327
" HERMITAGE",2015-08-04,390419,391791746
" HERMITAGE",2015-08-06,686900,392478646
" HERMITAGE",2015-08-07,1232000,393710646
" HERMITAGE",2015-08-10,765650,394476296
" HERMITAGE",2015-08-11,180000,394656296
" HERMITAGE",2015-08-12,557900,395214196
" HERMITAGE",2015-08-13,110000,395324196
" HERMITAGE",2015-08-14,1211427,396535623
" HERMITAGE",2015-08-17,765750,397301373
" HERMITAGE",2015-08-18,161500,397462873
" HERMITAGE",2015-08-19,430900,397893773
" HERMITAGE",2015-08-20,276000,398169773
" HERMITAGE",2015-08-21,1690400,399860173
" HERMITAGE",2015-08-24,527900,400388073
" HERMITAGE",2015-08-25,980900,401368973
" HERMITAGE",2015-08-26,904600,402273573
" HERMITAGE",2015-08-27,658318,402931891
" HERMITAGE",2015-08-28,2147585,405079476
" HERMITAGE",2015-08-31,2052795,407132271
" HERMITAGE",2015-09-01,1073300,408205571
" HERMITAGE",2015-09-02,622000,408827571
" HERMITAGE",2015-09-03,1056000,409883571
" HERMITAGE",2015-09-04,1040200,410923771
" HERMITAGE",2015-09-08,383900,411307671
" HERMITAGE",2015-09-09,138000,411445671
" HERMITAGE",2015-09-10,740680,412186351
" HERMITAGE",2015-09-11,2578436,414764787
" HERMITAGE",2015-09-12,265000,415029787
" HERMITAGE",2015-09-14,659800,415689587
" HERMITAGE",2015-09-15,575900,416265487
" HERMITAGE",2015-09-16,264000,416529487
" HERMITAGE",2015-09-17,571000,417100487
" HERMITAGE",2015-09-18,818000,417918487
" HERMITAGE",2015-09-21,289900,418208387
" HERMITAGE",2015-09-22,714900,418923287
" HERMITAGE",2015-09-23,157500,419080787
" HERMITAGE",2015-09-24,1161841,420242628
" HERMITAGE",2015-09-25,1152000,421394628
" HERMITAGE",2015-09-28,1225300,422619928
" HERMITAGE",2015-09-29,1196848,423816776
" HERMITAGE",2015-09-30,957787,424774563
" HERMITAGE",2015-10-01,717300,425491863
" HERMITAGE",2015-10-02,557135,426048998
" HERMITAGE",2015-10-05,727771,426776769
" HERMITAGE",2015-10-08,377000,427153769
" HERMITAGE",2015-10-09,790493,427944262
" HERMITAGE",2015-10-13,555400,428499662
" HERMITAGE",2015-10-15,825800,429325462
" HERMITAGE",2015-10-16,1594900,430920362
" HERMITAGE",2015-10-19,642175,431562537
" HERMITAGE",2015-10-22,935666,432498203
" HERMITAGE",2015-10-23,900500,433398703
" HERMITAGE",2015-10-26,134900,433533603
" HERMITAGE",2015-10-27,836411,434370014
" HERMITAGE",2015-10-29,980700,435350714
" HERMITAGE",2015-10-30,723900,436074614
" HERMITAGE",2015-11-02,216000,436290614
" HERMITAGE",2015-11-03,158000,436448614
" HERMITAGE",2015-11-04,1188925,437637539
" HERMITAGE",2015-11-05,404800,438042339
" HERMITAGE",2015-11-06,1034500,439076839
" HERMITAGE",2015-11-09,414000,439490839
" HERMITAGE",2015-11-10,761400,440252239
" HERMITAGE",2015-11-11,500000,440752239
" HERMITAGE",2015-11-12,220000,440972239
" HERMITAGE",2015-11-13,432022,441404261
" HERMITAGE",2015-11-16,350000,441754261
" HERMITAGE",2015-11-17,1119551,442873812
" HERMITAGE",2015-11-18,415000,443288812
" HERMITAGE",2015-11-19,884000,444172812
" HERMITAGE",2015-11-20,736000,444908812
" HERMITAGE",2015-11-23,140000,445048812
" HERMITAGE",2015-11-24,1993062,447041874
" HERMITAGE",2015-11-25,994550,448036424
" HERMITAGE",2015-11-27,140000,448176424
" HERMITAGE",2015-11-30,1214775,449391199
" HERMITAGE",2015-12-01,129000,449520199
" HERMITAGE",2015-12-02,65000,449585199
" HERMITAGE",2015-12-03,761100,450346299
" HERMITAGE",2015-12-04,960685,451306984
" HERMITAGE",2015-12-07,1469380,452776364
" HERMITAGE",2015-12-08,496400,453272764
" HERMITAGE",2015-12-09,298500,453571264
" HERMITAGE",2015-12-10,318900,453890164
" HERMITAGE",2015-12-11,984000,454874164
" HERMITAGE",2015-12-14,265000,455139164
" HERMITAGE",2015-12-15,2136643,457275807
" HERMITAGE",2015-12-16,1081061,458356868
" HERMITAGE",2015-12-17,832000,459188868
" HERMITAGE",2015-12-18,652000,459840868
" HERMITAGE",2015-12-21,746855,460587723
" HERMITAGE",2015-12-23,497250,461084973
" HERMITAGE",2015-12-28,408500,461493473
" HERMITAGE",2015-12-29,1977340,463470813
" HERMITAGE",2015-12-30,464575,463935388
" HERMITAGE",2015-12-31,348900,464284288
" HERMITAGE",2016-01-04,140000,464424288
" HERMITAGE",2016-01-05,484700,464908988
" HERMITAGE",2016-01-07,427924,465336912
" HERMITAGE",2016-01-08,738600,466075512
" HERMITAGE",2016-01-11,439900,466515412
" HERMITAGE",2016-01-12,283737,466799149
" HERMITAGE",2016-01-13,430230,467229379
" HERMITAGE",2016-01-14,428900,467658279
" HERMITAGE",2016-01-15,2860097,470518376
" HERMITAGE",2016-01-19,321205,470839581
" HERMITAGE",2016-01-20,854900,471694481
" HERMITAGE",2016-01-21,610800,472305281
" HERMITAGE",2016-01-25,225000,472530281
" HERMITAGE",2016-01-26,160000,472690281
" HERMITAGE",2016-01-27,638250,473328531
" HERMITAGE",2016-01-28,356000,473684531
" HERMITAGE",2016-01-29,1414694,475099225
" HERMITAGE",2016-02-01,334900,475434125
" HERMITAGE",2016-02-02,132000,475566125
" HERMITAGE",2016-02-04,227500,475793625
" HERMITAGE",2016-02-05,382000,476175625
" HERMITAGE",2016-02-08,396900,476572525
" HERMITAGE",2016-02-11,975150,477547675
" HERMITAGE",2016-02-12,1109714,478657389
" HERMITAGE",2016-02-15,410231,479067620
" HERMITAGE",2016-02-16,908090,479975710
" HERMITAGE",2016-02-17,184632,480160342
" HERMITAGE",2016-02-18,152000,480312342
" HERMITAGE",2016-02-19,979279,481291621
" HERMITAGE",2016-02-22,280000,481571621
" HERMITAGE",2016-02-23,205000,481776621
" HERMITAGE",2016-02-24,182000,481958621
" HERMITAGE",2016-02-25,161000,482119621
" HERMITAGE",2016-02-26,1865519,483985140
" HERMITAGE",2016-03-01,274000,484259140
" HERMITAGE",2016-03-02,230000,484489140
" HERMITAGE",2016-03-03,843500,485332640
" HERMITAGE",2016-03-04,726900,486059540
" HERMITAGE",2016-03-07,391366,486450906
" HERMITAGE",2016-03-08,100000,486550906
" HERMITAGE",2016-03-09,777500,487328406
" HERMITAGE",2016-03-10,259110,487587516
" HERMITAGE",2016-03-11,1353526,488941042
" HERMITAGE",2016-03-12,100000,489041042
" HERMITAGE",2016-03-14,585500,489626542
" HERMITAGE",2016-03-15,651300,490277842
" HERMITAGE",2016-03-16,953625,491231467
" HERMITAGE",2016-03-17,1084185,492315652
" HERMITAGE",2016-03-18,1056591,493372243
" HERMITAGE",2016-03-21,843720,494215963
" HERMITAGE",2016-03-22,461000,494676963
" HERMITAGE",2016-03-23,216000,494892963
" HERMITAGE",2016-03-24,1160487,496053450
" HERMITAGE",2016-03-25,920343,496973793
" HERMITAGE",2016-03-28,1851400,498825193
" HERMITAGE",2016-03-29,1506126,500331319
" HERMITAGE",2016-03-30,3489156,503820475
" HERMITAGE",2016-03-31,3318990,507139465
" HERMITAGE",2016-04-01,1709415,508848880
" HERMITAGE",2016-04-04,220000,509068880
" HERMITAGE",2016-04-05,197000,509265880
" HERMITAGE",2016-04-07,611315,509877195
" HERMITAGE",2016-04-08,993200,510870395
" HERMITAGE",2016-04-10,372900,511243295
" HERMITAGE",2016-04-11,205000,511448295
" HERMITAGE",2016-04-12,292918,511741213
" HERMITAGE",2016-04-13,105000,511846213
" HERMITAGE",2016-04-14,415000,512261213
" HERMITAGE",2016-04-15,1945700,514206913
" HERMITAGE",2016-04-18,1013020,515219933
" HERMITAGE",2016-04-20,825000,516044933
" HERMITAGE",2016-04-21,173900,516218833
" HERMITAGE",2016-04-22,1569093,517787926
" HERMITAGE",2016-04-25,745500,518533426
" HERMITAGE",2016-04-26,246000,518779426
" HERMITAGE",2016-04-27,765970,519545396
" HERMITAGE",2016-04-28,1077900,520623296
" HERMITAGE",2016-04-29,3917001,524540297
" HERMITAGE",2016-05-02,873797,525414094
" HERMITAGE",2016-05-03,473000,525887094
" HERMITAGE",2016-05-04,177247,526064341
" HERMITAGE",2016-05-05,150000,526214341
" HERMITAGE",2016-05-06,1502114,527716455
" HERMITAGE",2016-05-09,1264706,528981161
" HERMITAGE",2016-05-10,611600,529592761
" HERMITAGE",2016-05-11,292500,529885261
" HERMITAGE",2016-05-12,1546200,531431461
" HERMITAGE",2016-05-13,1302339,532733800
" HERMITAGE",2016-05-16,716400,533450200
" HERMITAGE",2016-05-17,498000,533948200
" HERMITAGE",2016-05-18,479641,534427841
" HERMITAGE",2016-05-19,1097600,535525441
" HERMITAGE",2016-05-20,1923786,537449227
" HERMITAGE",2016-05-23,1155400,538604627
" HERMITAGE",2016-05-24,349000,538953627
" HERMITAGE",2016-05-25,1298061,540251688
" HERMITAGE",2016-05-26,874900,541126588
" HERMITAGE",2016-05-27,2075700,543202288
" HERMITAGE",2016-05-31,2222475,545424763
" HERMITAGE",2016-06-01,767400,546192163
" HERMITAGE",2016-06-02,640000,546832163
" HERMITAGE",2016-06-03,1399690,548231853
" HERMITAGE",2016-06-06,217000,548448853
" HERMITAGE",2016-06-07,282069,548730922
" HERMITAGE",2016-06-08,920000,549650922
" HERMITAGE",2016-06-09,313100,549964022
" HERMITAGE",2016-06-10,1348648,551312670
" HERMITAGE",2016-06-13,742635,552055305
" HERMITAGE",2016-06-14,583000,552638305
" HERMITAGE",2016-06-15,606071,553244376
" HERMITAGE",2016-06-16,239500,553483876
" HERMITAGE",2016-06-17,1084900,554568776
" HERMITAGE",2016-06-20,462000,555030776
" HERMITAGE",2016-06-21,613000,555643776
" HERMITAGE",2016-06-22,1044900,556688676
" HERMITAGE",2016-06-23,965300,557653976
" HERMITAGE",2016-06-24,371550,558025526
" HERMITAGE",2016-06-27,541600,558567126
" HERMITAGE",2016-06-28,256043,558823169
" HERMITAGE",2016-06-29,1492900,560316069
" HERMITAGE",2016-06-30,3043253,563359322
" HERMITAGE",2016-07-01,379000,563738322
" HERMITAGE",2016-07-05,293000,564031322
" HERMITAGE",2016-07-06,1305900,565337222
" HERMITAGE",2016-07-07,621900,565959122
" HERMITAGE",2016-07-08,826900,566786022
" HERMITAGE",2016-07-11,673000,567459022
" HERMITAGE",2016-07-12,768900,568227922
" HERMITAGE",2016-07-13,112000,568339922
" HERMITAGE",2016-07-14,728800,569068722
" HERMITAGE",2016-07-15,524900,569593622
" HERMITAGE",2016-07-16,312000,569905622
" HERMITAGE",2016-07-18,781900,570687522
" HERMITAGE",2016-07-19,354000,571041522
" HERMITAGE",2016-07-20,440346,571481868
" HERMITAGE",2016-07-21,816457,572298325
" HERMITAGE",2016-07-22,602500,572900825
" HERMITAGE",2016-07-25,433000,573333825
" HERMITAGE",2016-08-01,514000,573847825
" HERMITAGE",2016-08-02,81910,573929735
" HERMITAGE",2016-08-03,286000,574215735
" HERMITAGE",2016-08-04,110000,574325735
" HERMITAGE",2016-08-05,1124900,575450635
" HERMITAGE",2016-08-08,555900,576006535
" HERMITAGE",2016-08-09,607400,576613935
" HERMITAGE",2016-08-10,1074900,577688835
" HERMITAGE",2016-08-11,259800,577948635
" HERMITAGE",2016-08-12,1191219,579139854
" HERMITAGE",2016-08-15,1739855,580879709
" HERMITAGE",2016-08-16,366000,581245709
" HERMITAGE",2016-08-17,619000,581864709
" HERMITAGE",2016-08-18,773000,582637709
" HERMITAGE",2016-08-19,373500,583011209
" HERMITAGE",2016-08-22,945000,583956209
" HERMITAGE",2016-08-23,330000,584286209
" HERMITAGE",2016-08-24,678000,584964209
" HERMITAGE",2016-08-25,622913,585587122
" HERMITAGE",2016-08-26,3120796,588707918
" HERMITAGE",2016-08-29,426900,589134818
" HERMITAGE",2016-08-30,175000,589309818
" HERMITAGE",2016-08-31,2069000,591378818
" HERMITAGE",2016-09-01,1764900,593143718
" HERMITAGE",2016-09-02,99000,593242718
" HERMITAGE",2016-09-06,417082,593659800
" HERMITAGE",2016-09-07,300593,593960393
" HERMITAGE",2016-09-08,1361912,595322305
" HERMITAGE",2016-09-09,1686932,597009237
" HERMITAGE",2016-09-12,957400,597966637
" HERMITAGE",2016-09-13,639000,598605637
" HERMITAGE",2016-09-14,324500,598930137
" HERMITAGE",2016-09-15,1155000,600085137
" HERMITAGE",2016-09-16,1231210,601316347
" HERMITAGE",2016-09-19,166500,601482847
" HERMITAGE",2016-09-20,934100,602416947
" HERMITAGE",2016-09-21,478000,602894947
" HERMITAGE",2016-09-23,562500,603457447
" HERMITAGE",2016-09-26,819250,604276697
" HERMITAGE",2016-09-27,334900,604611597
" HERMITAGE",2016-09-28,1528300,606139897
" HERMITAGE",2016-09-29,1010942,607150839
" HERMITAGE",2016-09-30,2277400,609428239
" HERMITAGE",2016-10-03,210500,609638739
" HERMITAGE",2016-10-04,878150,610516889
" HERMITAGE",2016-10-05,717937,611234826
" HERMITAGE",2016-10-06,555500,611790326
" HERMITAGE",2016-10-07,2078355,613868681
" HERMITAGE",2016-10-11,821000,614689681
" HERMITAGE",2016-10-12,811820,615501501
" HERMITAGE",2016-10-13,245000,615746501
" HERMITAGE",2016-10-14,2136613,617883114
" HERMITAGE",2016-10-17,235000,618118114
" HERMITAGE",2016-10-18,495000,618613114
" HERMITAGE",2016-10-19,966163,619579277
" HERMITAGE",2016-10-20,617005,620196282
" HERMITAGE",2016-10-21,1941234,622137516
" HERMITAGE",2016-10-24,363779,622501295
" HERMITAGE",2016-10-25,180000,622681295
" HERMITAGE",2016-10-26,229900,622911195
" HERMITAGE",2016-10-27,822800,623733995
" HERMITAGE",2016-10-28,1990738,625724733
" HERMITAGE",2016-10-31,676400,626401133
" JOELTON",2013-05-10,103500,103500
" JOELTON",2013-07-12,119900,223400
" JOELTON",2013-08-20,145000,368400
" JOELTON",2014-08-11,125000,493400
" JOELTON",2015-07-31,184000,677400
" JOELTON",2015-10-01,90000,767400
" JOELTON",2015-10-09,122431,889831
" JOELTON",2016-01-15,160000,1049831
" JOELTON",2016-03-18,169900,1219731
" JOELTON",2016-05-27,160000,1379731
" JOELTON",2016-08-08,195900,1575631
" MADISON",2013-01-02,51200,51200
" MADISON",2013-01-03,89900,141100
" MADISON",2013-01-08,253000,394100
" MADISON",2013-01-09,85000,479100
" MADISON",2013-01-11,311800,790900
" MADISON",2013-01-15,214000,1004900
" MADISON",2013-01-16,250000,1254900
" MADISON",2013-01-23,139900,1394800
" MADISON",2013-01-24,66120,1460920
" MADISON",2013-01-28,79190,1540110
" MADISON",2013-02-05,155000,1695110
" MADISON",2013-02-06,70000,1765110
" MADISON",2013-02-08,122000,1887110
" MADISON",2013-02-11,77000,1964110
" MADISON",2013-02-12,75000,2039110
" MADISON",2013-02-13,107900,2147010
" MADISON",2013-02-14,222000,2369010
" MADISON",2013-02-15,308000,2677010
" MADISON",2013-03-01,86900,2763910
" MADISON",2013-03-08,79500,2843410
" MADISON",2013-03-11,234900,3078310
" MADISON",2013-03-13,346900,3425210
" MADISON",2013-03-15,143500,3568710
" MADISON",2013-03-28,156000,3724710
" MADISON",2013-04-03,60000,3784710
" MADISON",2013-04-04,131900,3916610
" MADISON",2013-04-05,352000,4268610
" MADISON",2013-04-10,204900,4473510
" MADISON",2013-04-11,6000,4479510
" MADISON",2013-04-12,131900,4611410
" MADISON",2013-04-15,131000,4742410
" MADISON",2013-04-16,60000,4802410
" MADISON",2013-04-17,1150000,5952410
" MADISON",2013-04-18,197300,6149710
" MADISON",2013-04-19,320000,6469710
" MADISON",2013-04-22,84900,6554610
" MADISON",2013-04-23,205000,6759610
" MADISON",2013-04-24,95000,6854610
" MADISON",2013-04-25,279900,7134510
" MADISON",2013-04-26,170500,7305010
" MADISON",2013-04-30,473900,7778910
" MADISON",2013-05-06,135000,7913910
" MADISON",2013-05-07,153900,8067810
" MADISON",2013-05-08,222500,8290310
" MADISON",2013-05-13,65200,8355510
" MADISON",2013-05-15,140900,8496410
" MADISON",2013-05-16,130000,8626410
" MADISON",2013-05-20,65000,8691410
" MADISON",2013-05-21,115000,8806410
" MADISON",2013-05-24,230000,9036410
" MADISON",2013-05-28,169900,9206310
" MADISON",2013-05-29,435000,9641310
" MADISON",2013-05-31,666800,10308110
" MADISON",2013-06-03,18000,10326110
" MADISON",2013-06-04,100500,10426610
" MADISON",2013-06-06,101750,10528360
" MADISON",2013-06-07,481500,11009860
" MADISON",2013-06-10,95000,11104860
" MADISON",2013-06-11,80000,11184860
" MADISON",2013-06-12,342000,11526860
" MADISON",2013-06-14,1757500,13284360
" MADISON",2013-06-17,75100,13359460
" MADISON",2013-06-18,658895,14018355
" MADISON",2013-06-20,279000,14297355
" MADISON",2013-06-21,469000,14766355
" MADISON",2013-06-24,139900,14906255
" MADISON",2013-06-25,165900,15072155
" MADISON",2013-06-27,913998,15986153
" MADISON",2013-06-28,595500,16581653
" MADISON",2013-07-01,203500,16785153
" MADISON",2013-07-02,328200,17113353
" MADISON",2013-07-03,105000,17218353
" MADISON",2013-07-05,65000,17283353
" MADISON",2013-07-07,54000,17337353
" MADISON",2013-07-08,98000,17435353
" MADISON",2013-07-11,242000,17677353
" MADISON",2013-07-12,288020,17965373
" MADISON",2013-07-15,167500,18132873
" MADISON",2013-07-16,118200,18251073
" MADISON",2013-07-17,129900,18380973
" MADISON",2013-07-23,354000,18734973
" MADISON",2013-07-24,87500,18822473
" MADISON",2013-07-25,189000,19011473
" MADISON",2013-07-26,213200,19224673
" MADISON",2013-07-29,81000,19305673
" MADISON",2013-07-30,108000,19413673
" MADISON",2013-07-31,441500,19855173
" MADISON",2013-08-02,344846,20200019
" MADISON",2013-08-05,88000,20288019
" MADISON",2013-08-09,220500,20508519
" MADISON",2013-08-12,327900,20836419
" MADISON",2013-08-14,135500,20971919
" MADISON",2013-08-15,68500,21040419
" MADISON",2013-08-16,80000,21120419
" MADISON",2013-08-19,57500,21177919
" MADISON",2013-08-20,313900,21491819
" MADISON",2013-08-21,194900,21686719
" MADISON",2013-08-22,147371,21834090
" MADISON",2013-08-23,534900,22368990
" MADISON",2013-08-26,172000,22540990
" MADISON",2013-08-27,222000,22762990
" MADISON",2013-08-28,78900,22841890
" MADISON",2013-08-29,52000,22893890
" MADISON",2013-08-30,761300,23655190
" MADISON",2013-09-05,337000,23992190
" MADISON",2013-09-06,155000,24147190
" MADISON",2013-09-09,170000,24317190
" MADISON",2013-09-10,64900,24382090
" MADISON",2013-09-12,140000,24522090
" MADISON",2013-09-13,134000,24656090
" MADISON",2013-09-16,135000,24791090
" MADISON",2013-09-18,82500,24873590
" MADISON",2013-09-20,356000,25229590
" MADISON",2013-09-23,150000,25379590
" MADISON",2013-09-24,269000,25648590
" MADISON",2013-09-25,149500,25798090
" MADISON",2013-09-26,302000,26100090
" MADISON",2013-09-30,138500,26238590
" MADISON",2013-10-01,115000,26353590
" MADISON",2013-10-03,394275,26747865
" MADISON",2013-10-04,155000,26902865
" MADISON",2013-10-08,135000,27037865
" MADISON",2013-10-10,330000,27367865
" MADISON",2013-10-11,195000,27562865
" MADISON",2013-10-15,150000,27712865
" MADISON",2013-10-16,245000,27957865
" MADISON",2013-10-17,119900,28077765
" MADISON",2013-10-21,100000,28177765
" MADISON",2013-10-23,121000,28298765
" MADISON",2013-10-24,259000,28557765
" MADISON",2013-10-25,182400,28740165
" MADISON",2013-10-28,380800,29120965
" MADISON",2013-10-29,375900,29496865
" MADISON",2013-10-30,239000,29735865
" MADISON",2013-11-01,310000,30045865
" MADISON",2013-11-04,20500,30066365
" MADISON",2013-11-05,80000,30146365
" MADISON",2013-11-06,174500,30320865
" MADISON",2013-11-08,355000,30675865
" MADISON",2013-11-12,127500,30803365
" MADISON",2013-11-13,191000,30994365
" MADISON",2013-11-14,228882,31223247
" MADISON",2013-11-15,212000,31435247
" MADISON",2013-11-18,105500,31540747
" MADISON",2013-11-19,190000,31730747
" MADISON",2013-11-20,195000,31925747
" MADISON",2013-11-22,72000,31997747
" MADISON",2013-11-25,110000,32107747
" MADISON",2013-11-27,238000,32345747
" MADISON",2013-12-05,99900,32445647
" MADISON",2013-12-06,419901,32865548
" MADISON",2013-12-11,140000,33005548
" MADISON",2013-12-12,143000,33148548
" MADISON",2013-12-13,329040,33477588
" MADISON",2013-12-16,469900,33947488
" MADISON",2013-12-17,61000,34008488
" MADISON",2013-12-18,165000,34173488
" MADISON",2013-12-20,498900,34672388
" MADISON",2013-12-23,216300,34888688
" MADISON",2013-12-26,364400,35253088
" MADISON",2013-12-27,1261605,36514693
" MADISON",2013-12-30,441900,36956593
" MADISON",2013-12-31,282826,37239419
" MADISON",2014-01-02,45000,37284419
" MADISON",2014-01-03,140511,37424930
" MADISON",2014-01-06,28000,37452930
" MADISON",2014-01-09,190000,37642930
" MADISON",2014-01-14,289400,37932330
" MADISON",2014-01-15,84500,38016830
" MADISON",2014-01-27,77500,38094330
" MADISON",2014-01-28,116000,38210330
" MADISON",2014-01-29,273000,38483330
" MADISON",2014-01-31,155000,38638330
" MADISON",2014-02-06,149900,38788230
" MADISON",2014-02-07,52000,38840230
" MADISON",2014-02-11,94500,38934730
" MADISON",2014-02-12,115000,39049730
" MADISON",2014-02-14,15000,39064730
" MADISON",2014-02-17,550000,39614730
" MADISON",2014-02-18,365000,39979730
" MADISON",2014-02-19,138000,40117730
" MADISON",2014-02-21,102500,40220230
" MADISON",2014-02-24,277500,40497730
" MADISON",2014-02-28,461400,40959130
" MADISON",2014-03-03,105500,41064630
" MADISON",2014-03-04,55000,41119630
" MADISON",2014-03-06,18500,41138130
" MADISON",2014-03-07,458508,41596638
" MADISON",2014-03-10,489400,42086038
" MADISON",2014-03-12,175000,42261038
" MADISON",2014-03-13,75000,42336038
" MADISON",2014-03-14,551850,42887888
" MADISON",2014-03-17,100000,42987888
" MADISON",2014-03-18,79950,43067838
" MADISON",2014-03-19,72045,43139883
" MADISON",2014-03-20,87500,43227383
" MADISON",2014-03-21,432000,43659383
" MADISON",2014-03-24,60000,43719383
" MADISON",2014-03-25,181400,43900783
" MADISON",2014-03-26,255000,44155783
" MADISON",2014-03-27,345675,44501458
" MADISON",2014-03-28,359900,44861358
" MADISON",2014-03-31,278900,45140258
" MADISON",2014-04-02,142999,45283257
" MADISON",2014-04-03,145000,45428257
" MADISON",2014-04-04,510000,45938257
" MADISON",2014-04-08,207000,46145257
" MADISON",2014-04-09,65000,46210257
" MADISON",2014-04-11,255000,46465257
" MADISON",2014-04-14,175500,46640757
" MADISON",2014-04-15,156700,46797457
" MADISON",2014-04-16,316900,47114357
" MADISON",2014-04-18,209000,47323357
" MADISON",2014-04-23,103500,47426857
" MADISON",2014-04-24,220000,47646857
" MADISON",2014-04-25,408000,48054857
" MADISON",2014-04-28,55000,48109857
" MADISON",2014-04-30,168400,48278257
" MADISON",2014-05-02,96000,48374257
" MADISON",2014-05-05,165000,48539257
" MADISON",2014-05-06,215000,48754257
" MADISON",2014-05-07,24000,48778257
" MADISON",2014-05-08,154000,48932257
" MADISON",2014-05-09,598400,49530657
" MADISON",2014-05-12,285800,49816457
" MADISON",2014-05-13,138000,49954457
" MADISON",2014-05-14,75000,50029457
" MADISON",2014-05-15,670400,50699857
" MADISON",2014-05-16,105000,50804857
" MADISON",2014-05-19,23000,50827857
" MADISON",2014-05-21,209900,51037757
" MADISON",2014-05-23,675300,51713057
" MADISON",2014-05-27,239000,51952057
" MADISON",2014-05-28,168500,52120557
" MADISON",2014-05-29,332500,52453057
" MADISON",2014-05-30,125500,52578557
" MADISON",2014-06-02,526000,53104557
" MADISON",2014-06-03,164750,53269307
" MADISON",2014-06-05,113000,53382307
" MADISON",2014-06-06,652500,54034807
" MADISON",2014-06-10,95000,54129807
" MADISON",2014-06-11,205000,54334807
" MADISON",2014-06-12,303500,54638307
" MADISON",2014-06-13,356400,54994707
" MADISON",2014-06-14,48000,55042707
" MADISON",2014-06-16,110000,55152707
" MADISON",2014-06-17,191000,55343707
" MADISON",2014-06-18,30000,55373707
" MADISON",2014-06-19,222000,55595707
" MADISON",2014-06-20,187000,55782707
" MADISON",2014-06-23,568500,56351207
" MADISON",2014-06-24,213000,56564207
" MADISON",2014-06-25,96500,56660707
" MADISON",2014-06-26,357000,57017707
" MADISON",2014-06-27,210000,57227707
" MADISON",2014-06-30,282000,57509707
" MADISON",2014-07-02,117500,57627207
" MADISON",2014-07-03,323000,57950207
" MADISON",2014-07-07,262000,58212207
" MADISON",2014-07-09,394000,58606207
" MADISON",2014-07-11,302900,58909107
" MADISON",2014-07-14,560395,59469502
" MADISON",2014-07-15,424500,59894002
" MADISON",2014-07-17,220900,60114902
" MADISON",2014-07-18,117200,60232102
" MADISON",2014-07-21,542400,60774502
" MADISON",2014-07-22,595000,61369502
" MADISON",2014-07-24,359400,61728902
" MADISON",2014-07-25,403000,62131902
" MADISON",2014-07-30,150000,62281902
" MADISON",2014-07-31,592900,62874802
" MADISON",2014-08-01,160000,63034802
" MADISON",2014-08-04,245000,63279802
" MADISON",2014-08-06,290000,63569802
" MADISON",2014-08-08,633500,64203302
" MADISON",2014-08-11,261800,64465102
" MADISON",2014-08-12,333500,64798602
" MADISON",2014-08-13,450000,65248602
" MADISON",2014-08-14,311500,65560102
" MADISON",2014-08-15,865000,66425102
" MADISON",2014-08-20,190000,66615102
" MADISON",2014-08-21,425900,67041002
" MADISON",2014-08-22,142900,67183902
" MADISON",2014-08-25,160000,67343902
" MADISON",2014-08-26,185000,67528902
" MADISON",2014-08-27,152000,67680902
" MADISON",2014-08-28,107777,67788679
" MADISON",2014-08-29,1243050,69031729
" MADISON",2014-09-02,355000,69386729
" MADISON",2014-09-04,124000,69510729
" MADISON",2014-09-05,339990,69850719
" MADISON",2014-09-08,83600,69934319
" MADISON",2014-09-09,385000,70319319
" MADISON",2014-09-10,110900,70430219
" MADISON",2014-09-12,247000,70677219
" MADISON",2014-09-15,250000,70927219
" MADISON",2014-09-16,232000,71159219
" MADISON",2014-09-17,150000,71309219
" MADISON",2014-09-18,128900,71438119
" MADISON",2014-09-19,413000,71851119
" MADISON",2014-09-22,89900,71941019
" MADISON",2014-09-23,86000,72027019
" MADISON",2014-09-24,309900,72336919
" MADISON",2014-09-25,320000,72656919
" MADISON",2014-09-26,320500,72977419
" MADISON",2014-09-30,592300,73569719
" MADISON",2014-10-01,259900,73829619
" MADISON",2014-10-02,112000,73941619
" MADISON",2014-10-03,125000,74066619
" MADISON",2014-10-08,645000,74711619
" MADISON",2014-10-09,165000,74876619
" MADISON",2014-10-10,706300,75582919
" MADISON",2014-10-14,324900,75907819
" MADISON",2014-10-15,294900,76202719
" MADISON",2014-10-16,103500,76306219
" MADISON",2014-10-17,162500,76468719
" MADISON",2014-10-20,450000,76918719
" MADISON",2014-10-21,118000,77036719
" MADISON",2014-10-22,140000,77176719
" MADISON",2014-10-23,130000,77306719
" MADISON",2014-10-24,623245,77929964
" MADISON",2014-10-27,151000,78080964
" MADISON",2014-10-28,178500,78259464
" MADISON",2014-10-29,45000,78304464
" MADISON",2014-10-30,1149700,79454164
" MADISON",2014-10-31,340500,79794664
" MADISON",2014-11-03,358900,80153564
" MADISON",2014-11-05,102900,80256464
" MADISON",2014-11-06,237000,80493464
" MADISON",2014-11-07,99900,80593364
" MADISON",2014-11-12,145000,80738364
" MADISON",2014-11-13,98500,80836864
" MADISON",2014-11-14,670000,81506864
" MADISON",2014-11-17,381000,81887864
" MADISON",2014-11-18,303405,82191269
" MADISON",2014-11-19,129900,82321169
" MADISON",2014-11-20,189900,82511069
" MADISON",2014-11-24,109900,82620969
" MADISON",2014-11-25,261000,82881969
" MADISON",2014-11-26,183000,83064969
" MADISON",2014-12-01,107500,83172469
" MADISON",2014-12-02,13644,83186113
" MADISON",2014-12-03,112000,83298113
" MADISON",2014-12-05,526500,83824613
" MADISON",2014-12-08,111000,83935613
" MADISON",2014-12-09,95500,84031113
" MADISON",2014-12-10,137000,84168113
" MADISON",2014-12-11,373400,84541513
" MADISON",2014-12-12,17441900,101983413
" MADISON",2014-12-15,411000,102394413
" MADISON",2014-12-16,243000,102637413
" MADISON",2014-12-18,119000,102756413
" MADISON",2014-12-19,335000,103091413
" MADISON",2014-12-22,501500,103592913
" MADISON",2014-12-23,355490,103948403
" MADISON",2014-12-29,282500,104230903
" MADISON",2014-12-30,320000,104550903
" MADISON",2015-01-05,413900,104964803
" MADISON",2015-01-06,310000,105274803
" MADISON",2015-01-07,458500,105733303
" MADISON",2015-01-08,145900,105879203
" MADISON",2015-01-09,218000,106097203
" MADISON",2015-01-12,149000,106246203
" MADISON",2015-01-14,81000,106327203
" MADISON",2015-01-16,558500,106885703
" MADISON",2015-01-20,136000,107021703
" MADISON",2015-01-21,91300,107113003
" MADISON",2015-01-22,53000,107166003
" MADISON",2015-01-23,469000,107635003
" MADISON",2015-01-26,28000,107663003
" MADISON",2015-01-28,451508,108114511
" MADISON",2015-01-29,805300,108919811
" MADISON",2015-01-30,284255,109204066
" MADISON",2015-02-02,425000,109629066
" MADISON",2015-02-03,85000,109714066
" MADISON",2015-02-04,91000,109805066
" MADISON",2015-02-06,795900,110600966
" MADISON",2015-02-09,259900,110860866
" MADISON",2015-02-11,199899,111060765
" MADISON",2015-02-12,159000,111219765
" MADISON",2015-02-13,169900,111389665
" MADISON",2015-02-17,125500,111515165
" MADISON",2015-02-20,354900,111870065
" MADISON",2015-03-03,39900,111909965
" MADISON",2015-03-04,69000,111978965
" MADISON",2015-03-06,340000,112318965
" MADISON",2015-03-10,149900,112468865
" MADISON",2015-03-11,31000,112499865
" MADISON",2015-03-12,257400,112757265
" MADISON",2015-03-13,269850,113027115
" MADISON",2015-03-19,77900,113105015
" MADISON",2015-03-20,764300,113869315
" MADISON",2015-03-24,110000,113979315
" MADISON",2015-03-25,149000,114128315
" MADISON",2015-03-26,100000,114228315
" MADISON",2015-03-27,437500,114665815
" MADISON",2015-03-30,296000,114961815
" MADISON",2015-03-31,750400,115712215
" MADISON",2015-04-01,500325,116212540
" MADISON",2015-04-02,160700,116373240
" MADISON",2015-04-03,77500,116450740
" MADISON",2015-04-07,220000,116670740
" MADISON",2015-04-10,269800,116940540
" MADISON",2015-04-13,113000,117053540
" MADISON",2015-04-14,170000,117223540
" MADISON",2015-04-15,534700,117758240
" MADISON",2015-04-16,80000,117838240
" MADISON",2015-04-17,873985,118712225
" MADISON",2015-04-20,290000,119002225
" MADISON",2015-04-21,247500,119249725
" MADISON",2015-04-22,115800,119365525
" MADISON",2015-04-24,738400,120103925
" MADISON",2015-04-27,138000,120241925
" MADISON",2015-04-28,437500,120679425
" MADISON",2015-04-29,607871,121287296
" MADISON",2015-04-30,1194439,122481735
" MADISON",2015-05-01,1269600,123751335
" MADISON",2015-05-04,187000,123938335
" MADISON",2015-05-05,174000,124112335
" MADISON",2015-05-07,265000,124377335
" MADISON",2015-05-08,319000,124696335
" MADISON",2015-05-11,243021,124939356
" MADISON",2015-05-12,410900,125350256
" MADISON",2015-05-15,1251500,126601756
" MADISON",2015-05-18,184388,126786144
" MADISON",2015-05-19,116000,126902144
" MADISON",2015-05-20,175000,127077144
" MADISON",2015-05-22,342900,127420044
" MADISON",2015-05-26,144500,127564544
" MADISON",2015-05-27,314900,127879444
" MADISON",2015-05-28,566500,128445944
" MADISON",2015-05-29,899500,129345444
" MADISON",2015-05-30,113300,129458744
" MADISON",2015-06-01,273400,129732144
" MADISON",2015-06-02,19000,129751144
" MADISON",2015-06-03,98500,129849644
" MADISON",2015-06-04,464000,130313644
" MADISON",2015-06-05,487000,130800644
" MADISON",2015-06-08,143000,130943644
" MADISON",2015-06-09,505000,131448644
" MADISON",2015-06-10,567600,132016244
" MADISON",2015-06-11,165500,132181744
" MADISON",2015-06-12,325900,132507644
" MADISON",2015-06-15,725000,133232644
" MADISON",2015-06-16,277150,133509794
" MADISON",2015-06-17,358400,133868194
" MADISON",2015-06-18,312900,134181094
" MADISON",2015-06-19,1072800,135253894
" MADISON",2015-06-22,110000,135363894
" MADISON",2015-06-24,400700,135764594
" MADISON",2015-06-25,250000,136014594
" MADISON",2015-06-26,1097700,137112294
" MADISON",2015-06-29,734900,137847194
" MADISON",2015-06-30,1068750,138915944
" MADISON",2015-07-01,83500,138999444
" MADISON",2015-07-02,201500,139200944
" MADISON",2015-07-06,155000,139355944
" MADISON",2015-07-07,184000,139539944
" MADISON",2015-07-08,119000,139658944
" MADISON",2015-07-09,192000,139850944
" MADISON",2015-07-10,1369500,141220444
" MADISON",2015-07-13,452900,141673344
" MADISON",2015-07-14,580500,142253844
" MADISON",2015-07-15,262500,142516344
" MADISON",2015-07-16,470050,142986394
" MADISON",2015-07-17,625500,143611894
" MADISON",2015-07-21,50000,143661894
" MADISON",2015-07-22,195350,143857244
" MADISON",2015-07-23,195000,144052244
" MADISON",2015-07-24,439944,144492188
" MADISON",2015-07-27,525800,145017988
" MADISON",2015-07-28,140000,145157988
" MADISON",2015-07-29,153000,145310988
" MADISON",2015-07-30,672250,145983238
" MADISON",2015-07-31,1388150,147371388
" MADISON",2015-08-03,1198200,148569588
" MADISON",2015-08-04,640000,149209588
" MADISON",2015-08-06,191000,149400588
" MADISON",2015-08-11,420900,149821488
" MADISON",2015-08-12,575000,150396488
" MADISON",2015-08-13,350000,150746488
" MADISON",2015-08-14,361828,151108316
" MADISON",2015-08-17,36000,151144316
" MADISON",2015-08-18,136000,151280316
" MADISON",2015-08-19,544500,151824816
" MADISON",2015-08-20,224400,152049216
" MADISON",2015-08-21,540700,152589916
" MADISON",2015-08-24,271000,152860916
" MADISON",2015-08-25,364000,153224916
" MADISON",2015-08-26,124900,153349816
" MADISON",2015-08-27,362900,153712716
" MADISON",2015-08-28,435900,154148616
" MADISON",2015-08-31,231000,154379616
" MADISON",2015-09-01,221000,154600616
" MADISON",2015-09-02,332750,154933366
" MADISON",2015-09-04,3373000,158306366
" MADISON",2015-09-09,398000,158704366
" MADISON",2015-09-10,418500,159122866
" MADISON",2015-09-11,376000,159498866
" MADISON",2015-09-14,466200,159965066
" MADISON",2015-09-17,901700,160866766
" MADISON",2015-09-18,409900,161276666
" MADISON",2015-09-21,70000,161346666
" MADISON",2015-09-23,345000,161691666
" MADISON",2015-09-25,682850,162374516
" MADISON",2015-09-28,509800,162884316
" MADISON",2015-09-30,599500,163483816
" MADISON",2015-10-01,143900,163627716
" MADISON",2015-10-02,424900,164052616
" MADISON",2015-10-05,224900,164277516
" MADISON",2015-10-06,140000,164417516
" MADISON",2015-10-07,174700,164592216
" MADISON",2015-10-08,583725,165175941
" MADISON",2015-10-09,374000,165549941
" MADISON",2015-10-13,350400,165900341
" MADISON",2015-10-14,220000,166120341
" MADISON",2015-10-15,843331,166963672
" MADISON",2015-10-16,408400,167372072
" MADISON",2015-10-19,1016517,168388589
" MADISON",2015-10-21,100000,168488589
" MADISON",2015-10-23,383400,168871989
" MADISON",2015-10-26,245000,169116989
" MADISON",2015-10-27,513500,169630489
" MADISON",2015-10-29,189000,169819489
" MADISON",2015-10-30,95000,169914489
" MADISON",2015-11-02,357000,170271489
" MADISON",2015-11-03,328173,170599662
" MADISON",2015-11-04,191000,170790662
" MADISON",2015-11-06,284000,171074662
" MADISON",2015-11-09,117728,171192390
" MADISON",2015-11-10,265000,171457390
" MADISON",2015-11-11,208000,171665390
" MADISON",2015-11-12,388800,172054190
" MADISON",2015-11-13,119900,172174090
" MADISON",2015-11-16,372000,172546090
" MADISON",2015-11-17,79900,172625990
" MADISON",2015-11-18,129000,172754990
" MADISON",2015-11-19,180000,172934990
" MADISON",2015-11-20,642500,173577490
" MADISON",2015-11-23,121000,173698490
" MADISON",2015-11-24,1055989,174754479
" MADISON",2015-11-25,63000,174817479
" MADISON",2015-11-30,678000,175495479
" MADISON",2015-12-01,266000,175761479
" MADISON",2015-12-02,321100,176082579
" MADISON",2015-12-03,435500,176518079
" MADISON",2015-12-04,275000,176793079
" MADISON",2015-12-07,479900,177272979
" MADISON",2015-12-08,90000,177362979
" MADISON",2015-12-10,630746,177993725
" MADISON",2015-12-11,951000,178944725
" MADISON",2015-12-14,109000,179053725
" MADISON",2015-12-15,648000,179701725
" MADISON",2015-12-16,1078880,180780605
" MADISON",2015-12-17,325000,181105605
" MADISON",2015-12-18,882400,181988005
" MADISON",2015-12-21,89500,182077505
" MADISON",2015-12-22,586845,182664350
" MADISON",2015-12-28,639200,183303550
" MADISON",2015-12-29,149900,183453450
" MADISON",2015-12-31,82000,183535450
" MADISON",2016-01-02,118938,183654388
" MADISON",2016-01-04,243000,183897388
" MADISON",2016-01-05,536000,184433388
" MADISON",2016-01-06,140000,184573388
" MADISON",2016-01-07,152500,184725888
" MADISON",2016-01-08,514000,185239888
" MADISON",2016-01-12,140000,185379888
" MADISON",2016-01-13,160000,185539888
" MADISON",2016-01-14,94000,185633888
" MADISON",2016-01-15,763000,186396888
" MADISON",2016-01-19,732900,187129788
" MADISON",2016-01-20,214000,187343788
" MADISON",2016-01-21,291000,187634788
" MADISON",2016-01-25,296900,187931688
" MADISON",2016-01-26,550000,188481688
" MADISON",2016-01-27,320800,188802488
" MADISON",2016-01-28,480296,189282784
" MADISON",2016-01-29,2917450,192200234
" MADISON",2016-02-01,137000,192337234
" MADISON",2016-02-03,189900,192527134
" MADISON",2016-02-04,195000,192722134
" MADISON",2016-02-05,448500,193170634
" MADISON",2016-02-09,160000,193330634
" MADISON",2016-02-10,35000,193365634
" MADISON",2016-02-11,250000,193615634
" MADISON",2016-02-12,526000,194141634
" MADISON",2016-02-15,265000,194406634
" MADISON",2016-02-16,544000,194950634
" MADISON",2016-02-17,172000,195122634
" MADISON",2016-02-19,540000,195662634
" MADISON",2016-02-24,119000,195781634
" MADISON",2016-02-25,532400,196314034
" MADISON",2016-02-26,876900,197190934
" MADISON",2016-03-02,472000,197662934
" MADISON",2016-03-03,67500,197730434
" MADISON",2016-03-04,239843,197970277
" MADISON",2016-03-07,70000,198040277
" MADISON",2016-03-08,55000,198095277
" MADISON",2016-03-09,359000,198454277
" MADISON",2016-03-10,171250,198625527
" MADISON",2016-03-11,308000,198933527
" MADISON",2016-03-14,71000,199004527
" MADISON",2016-03-15,471150,199475677
" MADISON",2016-03-17,705700,200181377
" MADISON",2016-03-18,135000,200316377
" MADISON",2016-03-21,216500,200532877
" MADISON",2016-03-22,474000,201006877
" MADISON",2016-03-23,413000,201419877
" MADISON",2016-03-24,261170,201681047
" MADISON",2016-03-25,366000,202047047
" MADISON",2016-03-28,280000,202327047
" MADISON",2016-03-29,100000,202427047
" MADISON",2016-03-30,340400,202767447
" MADISON",2016-03-31,556400,203323847
" MADISON",2016-04-01,426900,203750747
" MADISON",2016-04-04,10260000,214010747
" MADISON",2016-04-05,836500,214847247
" MADISON",2016-04-07,90000,214937247
" MADISON",2016-04-08,687400,215624647
" MADISON",2016-04-11,145000,215769647
" MADISON",2016-04-12,557900,216327547
" MADISON",2016-04-13,147000,216474547
" MADISON",2016-04-14,136400,216610947
" MADISON",2016-04-15,1051058,217662005
" MADISON",2016-04-19,79900,217741905
" MADISON",2016-04-20,383860,218125765
" MADISON",2016-04-21,272900,218398665
" MADISON",2016-04-22,1247300,219645965
" MADISON",2016-04-25,362000,220007965
" MADISON",2016-04-26,19000,220026965
" MADISON",2016-04-28,844150,220871115
" MADISON",2016-04-29,640681,221511796
" MADISON",2016-04-30,135000,221646796
" MADISON",2016-05-02,382200,222028996
" MADISON",2016-05-03,530000,222558996
" MADISON",2016-05-04,187500,222746496
" MADISON",2016-05-05,310000,223056496
" MADISON",2016-05-06,622783,223679279
" MADISON",2016-05-09,180500,223859779
" MADISON",2016-05-10,224000,224083779
" MADISON",2016-05-11,236700,224320479
" MADISON",2016-05-12,648990,224969469
" MADISON",2016-05-13,269500,225238969
" MADISON",2016-05-16,838900,226077869
" MADISON",2016-05-17,456800,226534669
" MADISON",2016-05-18,61300,226595969
" MADISON",2016-05-19,453900,227049869
" MADISON",2016-05-20,1171650,228221519
" MADISON",2016-05-23,387000,228608519
" MADISON",2016-05-25,844500,229453019
" MADISON",2016-05-26,595600,230048619
" MADISON",2016-05-27,717500,230766119
" MADISON",2016-05-31,1391000,232157119
" MADISON",2016-06-01,803220,232960339
" MADISON",2016-06-02,237718,233198057
" MADISON",2016-06-03,517800,233715857
" MADISON",2016-06-06,210000,233925857
" MADISON",2016-06-08,552200,234478057
" MADISON",2016-06-10,785400,235263457
" MADISON",2016-06-13,756500,236019957
" MADISON",2016-06-15,461300,236481257
" MADISON",2016-06-17,500000,236981257
" MADISON",2016-06-20,830719,237811976
" MADISON",2016-06-21,155000,237966976
" MADISON",2016-06-22,425000,238391976
" MADISON",2016-06-23,4353900,242745876
" MADISON",2016-06-24,900690,243646566
" MADISON",2016-06-27,273000,243919566
" MADISON",2016-06-29,329900,244249466
" MADISON",2016-06-30,1281990,245531456
" MADISON",2016-07-01,435950,245967406
" MADISON",2016-07-07,972900,246940306
" MADISON",2016-07-08,632000,247572306
" MADISON",2016-07-11,249900,247822206
" MADISON",2016-07-12,189900,248012106
" MADISON",2016-07-13,598000,248610106
" MADISON",2016-07-14,529700,249139806
" MADISON",2016-07-15,1209961,250349767
" MADISON",2016-07-18,423864,250773631
" MADISON",2016-07-19,265000,251038631
" MADISON",2016-07-20,859000,251897631
" MADISON",2016-07-22,354900,252252531
" MADISON",2016-07-25,252473,252505004
" MADISON",2016-07-27,92000,252597004
" MADISON",2016-08-02,125000,252722004
" MADISON",2016-08-03,315800,253037804
" MADISON",2016-08-04,270000,253307804
" MADISON",2016-08-05,1289200,254597004
" MADISON",2016-08-08,182000,254779004
" MADISON",2016-08-09,467900,255246904
" MADISON",2016-08-10,278500,255525404
" MADISON",2016-08-12,1119900,256645304
" MADISON",2016-08-15,515740,257161044
" MADISON",2016-08-18,237500,257398544
" MADISON",2016-08-19,127500,257526044
" MADISON",2016-08-22,1173400,258699444
" MADISON",2016-08-25,259990,258959434
" MADISON",2016-08-26,1698000,260657434
" MADISON",2016-08-29,246481,260903915
" MADISON",2016-08-30,89000,260992915
" MADISON",2016-08-31,225000,261217915
" MADISON",2016-09-01,388758,261606673
" MADISON",2016-09-02,1325500,262932173
" MADISON",2016-09-06,326000,263258173
" MADISON",2016-09-08,103500,263361673
" MADISON",2016-09-09,303000,263664673
" MADISON",2016-09-12,1293592,264958265
" MADISON",2016-09-13,435800,265394065
" MADISON",2016-09-14,733000,266127065
" MADISON",2016-09-15,589000,266716065
" MADISON",2016-09-16,752395,267468460
" MADISON",2016-09-19,776900,268245360
" MADISON",2016-09-20,549400,268794760
" MADISON",2016-09-21,2485500,271280260
" MADISON",2016-09-22,839600,272119860
" MADISON",2016-09-23,620090,272739950
" MADISON",2016-09-26,460800,273200750
" MADISON",2016-09-27,396000,273596750
" MADISON",2016-09-29,1008150,274604900
" MADISON",2016-09-30,1628546,276233446
" MADISON",2016-10-03,335000,276568446
" MADISON",2016-10-04,629500,277197946
" MADISON",2016-10-05,456900,277654846
" MADISON",2016-10-06,741300,278396146
" MADISON",2016-10-07,596000,278992146
" MADISON",2016-10-12,358400,279350546
" MADISON",2016-10-13,440000,279790546
" MADISON",2016-10-14,750300,280540846
" MADISON",2016-10-17,894100,281434946
" MADISON",2016-10-19,527900,281962846
" MADISON",2016-10-20,447500,282410346
" MADISON",2016-10-21,854791,283265137
" MADISON",2016-10-24,195900,283461037
" MADISON",2016-10-25,568990,284030027
" MADISON",2016-10-26,241595,284271622
" MADISON",2016-10-27,342090,284613712
" MADISON",2016-10-28,981000,285594712
" MADISON",2016-10-31,1896388,287491100
" MOUNT JULIET",2013-01-07,564228,564228
" MOUNT JULIET",2013-03-27,65900,630128
" MOUNT JULIET",2013-04-17,245000,875128
" MOUNT JULIET",2013-04-30,287750,1162878
" MOUNT JULIET",2013-05-17,280930,1443808
" MOUNT JULIET",2013-05-31,582216,2026024
" MOUNT JULIET",2013-06-11,260000,2286024
" MOUNT JULIET",2013-06-17,295000,2581024
" MOUNT JULIET",2013-06-27,569871,3150895
" MOUNT JULIET",2013-07-10,362880,3513775
" MOUNT JULIET",2013-07-24,275000,3788775
" MOUNT JULIET",2013-07-26,575571,4364346
" MOUNT JULIET",2013-08-22,310800,4675146
" MOUNT JULIET",2013-08-23,271455,4946601
" MOUNT JULIET",2013-11-13,258900,5205501
" MOUNT JULIET",2013-11-27,318000,5523501
" MOUNT JULIET",2013-12-19,557516,6081017
" MOUNT JULIET",2013-12-30,185000,6266017
" MOUNT JULIET",2013-12-31,162091,6428108
" MOUNT JULIET",2014-02-05,130474,6558582
" MOUNT JULIET",2014-02-18,271765,6830347
" MOUNT JULIET",2014-02-28,130474,6960821
" MOUNT JULIET",2014-03-04,295000,7255821
" MOUNT JULIET",2014-03-14,329900,7585721
" MOUNT JULIET",2014-03-28,278205,7863926
" MOUNT JULIET",2014-03-31,130474,7994400
" MOUNT JULIET",2014-04-30,131780,8126180
" MOUNT JULIET",2014-05-12,295705,8421885
" MOUNT JULIET",2014-05-29,65890,8487775
" MOUNT JULIET",2014-06-10,312454,8800229
" MOUNT JULIET",2014-06-13,646838,9447067
" MOUNT JULIET",2014-06-26,244000,9691067
" MOUNT JULIET",2014-06-30,413530,10104597
" MOUNT JULIET",2014-07-18,844077,10948674
" MOUNT JULIET",2014-07-25,344162,11292836
" MOUNT JULIET",2014-08-01,133098,11425934
" MOUNT JULIET",2014-08-07,635000,12060934
" MOUNT JULIET",2014-08-08,280440,12341374
" MOUNT JULIET",2014-08-22,325005,12666379
" MOUNT JULIET",2014-08-25,281135,12947514
" MOUNT JULIET",2014-08-28,66549,13014063
" MOUNT JULIET",2014-09-09,289900,13303963
" MOUNT JULIET",2014-09-15,278000,13581963
" MOUNT JULIET",2014-09-23,252400,13834363
" MOUNT JULIET",2014-09-29,393029,14227392
" MOUNT JULIET",2014-09-30,304449,14531841
" MOUNT JULIET",2014-10-16,67425,14599266
" MOUNT JULIET",2014-11-21,290000,14889266
" MOUNT JULIET",2014-11-26,170300,15059566
" MOUNT JULIET",2014-12-12,256008,15315574
" MOUNT JULIET",2014-12-16,66549,15382123
" MOUNT JULIET",2014-12-29,266825,15648948
" MOUNT JULIET",2015-01-28,100000,15748948
" MOUNT JULIET",2015-02-02,530000,16278948
" MOUNT JULIET",2015-02-06,655800,16934748
" MOUNT JULIET",2015-03-13,319712,17254460
" MOUNT JULIET",2015-03-31,318255,17572715
" MOUNT JULIET",2015-05-18,278000,17850715
" MOUNT JULIET",2015-05-20,150000,18000715
" MOUNT JULIET",2015-05-27,336154,18336869
" MOUNT JULIET",2015-06-04,305000,18641869
" MOUNT JULIET",2015-06-05,332728,18974597
" MOUNT JULIET",2015-07-10,334890,19309487
" MOUNT JULIET",2015-07-13,61000,19370487
" MOUNT JULIET",2015-07-22,244000,19614487
" MOUNT JULIET",2015-07-24,867800,20482287
" MOUNT JULIET",2015-07-31,609899,21092186
" MOUNT JULIET",2015-08-03,265125,21357311
" MOUNT JULIET",2015-08-06,61000,21418311
" MOUNT JULIET",2015-08-13,509626,21927937
" MOUNT JULIET",2015-08-14,341857,22269794
" MOUNT JULIET",2015-08-17,316380,22586174
" MOUNT JULIET",2015-08-20,336520,22922694
" MOUNT JULIET",2015-08-21,302888,23225582
" MOUNT JULIET",2015-08-25,305000,23530582
" MOUNT JULIET",2015-08-27,976000,24506582
" MOUNT JULIET",2015-08-28,809695,25316277
" MOUNT JULIET",2015-09-03,230910,25547187
" MOUNT JULIET",2015-09-04,626604,26173791
" MOUNT JULIET",2015-09-11,570864,26744655
" MOUNT JULIET",2015-09-17,279220,27023875
" MOUNT JULIET",2015-09-18,283169,27307044
" MOUNT JULIET",2015-09-29,61000,27368044
" MOUNT JULIET",2015-09-30,259215,27627259
" MOUNT JULIET",2015-10-02,312140,27939399
" MOUNT JULIET",2015-10-05,366000,28305399
" MOUNT JULIET",2015-10-09,285800,28591199
" MOUNT JULIET",2015-10-16,896439,29487638
" MOUNT JULIET",2015-10-23,294000,29781638
" MOUNT JULIET",2015-10-26,258820,30040458
" MOUNT JULIET",2015-10-29,262690,30303148
" MOUNT JULIET",2015-10-30,295701,30598849
" MOUNT JULIET",2015-11-05,554840,31153689
" MOUNT JULIET",2015-11-06,609899,31763588
" MOUNT JULIET",2015-11-09,2068183,33831771
" MOUNT JULIET",2015-11-13,575693,34407464
" MOUNT JULIET",2015-11-17,316071,34723535
" MOUNT JULIET",2015-11-19,265000,34988535
" MOUNT JULIET",2015-11-24,280000,35268535
" MOUNT JULIET",2015-11-30,561658,35830193
" MOUNT JULIET",2015-12-02,244000,36074193
" MOUNT JULIET",2015-12-10,267477,36341670
" MOUNT JULIET",2015-12-11,425673,36767343
" MOUNT JULIET",2015-12-18,350980,37118323
" MOUNT JULIET",2015-12-23,559136,37677459
" MOUNT JULIET",2015-12-30,351577,38029036
" MOUNT JULIET",2016-01-06,361128,38390164
" MOUNT JULIET",2016-01-25,285858,38676022
" MOUNT JULIET",2016-01-29,290000,38966022
" MOUNT JULIET",2016-02-10,357301,39323323
" MOUNT JULIET",2016-02-12,270930,39594253
" MOUNT JULIET",2016-02-22,348000,39942253
" MOUNT JULIET",2016-03-16,284683,40226936
" MOUNT JULIET",2016-03-30,273465,40500401
" MOUNT JULIET",2016-03-31,355619,40856020
" MOUNT JULIET",2016-04-04,370461,41226481
" MOUNT JULIET",2016-04-22,355081,41581562
" MOUNT JULIET",2016-04-28,660361,42241923
" MOUNT JULIET",2016-05-13,281195,42523118
" MOUNT JULIET",2016-05-27,349368,42872486
" MOUNT JULIET",2016-06-16,370584,43243070
" MOUNT JULIET",2016-08-05,365751,43608821
" MOUNT JULIET",2016-09-19,287900,43896721
" MOUNT JULIET",2016-09-30,319900,44216621
" NASHVILLE",2013-01-02,1141500,1141500
" NASHVILLE",2013-01-03,153900,1295400
" NASHVILLE",2013-01-04,2051970,3347370
" NASHVILLE",2013-01-07,4077520,7424890
" NASHVILLE",2013-01-08,1369300,8794190
" NASHVILLE",2013-01-09,585500,9379690
" NASHVILLE",2013-01-10,4912565,14292255
" NASHVILLE",2013-01-11,5679564,19971819
" NASHVILLE",2013-01-14,3353757,23325576
" NASHVILLE",2013-01-15,4675299,28000875
" NASHVILLE",2013-01-16,1939745,29940620
" NASHVILLE",2013-01-17,1400900,31341520
" NASHVILLE",2013-01-18,9168825,40510345
" NASHVILLE",2013-01-19,335000,40845345
" NASHVILLE",2013-01-20,355000,41200345
" NASHVILLE",2013-01-22,5204784,46405129
" NASHVILLE",2013-01-23,3742750,50147879
" NASHVILLE",2013-01-24,3146243,53294122
" NASHVILLE",2013-01-25,5566230,58860352
" NASHVILLE",2013-01-28,1869400,60729752
" NASHVILLE",2013-01-29,6842316,67572068
" NASHVILLE",2013-01-30,2655440,70227508
" NASHVILLE",2013-01-31,1739900,71967408
" NASHVILLE",2013-02-01,7733200,79700608
" NASHVILLE",2013-02-04,2991046,82691654
" NASHVILLE",2013-02-05,1009755,83701409
" NASHVILLE",2013-02-06,1095700,84797109
" NASHVILLE",2013-02-07,3070415,87867524
" NASHVILLE",2013-02-08,3164032,91031556
" NASHVILLE",2013-02-11,2415500,93447056
" NASHVILLE",2013-02-12,3767998,97215054
" NASHVILLE",2013-02-13,5811628,103026682
" NASHVILLE",2013-02-14,7719520,110746202
" NASHVILLE",2013-02-15,13614056,124360258
" NASHVILLE",2013-02-16,198000,124558258
" NASHVILLE",2013-02-18,622600,125180858
" NASHVILLE",2013-02-19,4048499,129229357
" NASHVILLE",2013-02-20,1604800,130834157
" NASHVILLE",2013-02-21,4359400,135193557
" NASHVILLE",2013-02-22,5732405,140925962
" NASHVILLE",2013-02-25,4855435,145781397
" NASHVILLE",2013-02-26,4286200,150067597
" NASHVILLE",2013-02-27,3326979,153394576
" NASHVILLE",2013-02-28,3790900,157185476
" NASHVILLE",2013-03-01,15515150,172700626
" NASHVILLE",2013-03-02,110000,172810626
" NASHVILLE",2013-03-04,3061490,175872116
" NASHVILLE",2013-03-05,4007300,179879416
" NASHVILLE",2013-03-06,3870400,183749816
" NASHVILLE",2013-03-07,7168619,190918435
" NASHVILLE",2013-03-08,7679636,198598071
" NASHVILLE",2013-03-09,220400,198818471
" NASHVILLE",2013-03-11,5461500,204279971
" NASHVILLE",2013-03-12,4725156,209005127
" NASHVILLE",2013-03-13,3905669,212910796
" NASHVILLE",2013-03-14,7913384,220824180
" NASHVILLE",2013-03-15,15149319,235973499
" NASHVILLE",2013-03-16,327450,236300949
" NASHVILLE",2013-03-18,3387600,239688549
" NASHVILLE",2013-03-19,2613630,242302179
" NASHVILLE",2013-03-20,4621975,246924154
" NASHVILLE",2013-03-21,3823350,250747504
" NASHVILLE",2013-03-22,9390800,260138304
" NASHVILLE",2013-03-25,1256400,261394704
" NASHVILLE",2013-03-26,2351926,263746630
" NASHVILLE",2013-03-27,2648916,266395546
" NASHVILLE",2013-03-28,2964463,269360009
" NASHVILLE",2013-03-29,3249600,272609609
" NASHVILLE",2013-04-01,9809567,282419176
" NASHVILLE",2013-04-02,5326200,287745376
" NASHVILLE",2013-04-03,5633179,293378555
" NASHVILLE",2013-04-04,5706840,299085395
" NASHVILLE",2013-04-05,6820667,305906062
" NASHVILLE",2013-04-08,6605450,312511512
" NASHVILLE",2013-04-09,3970705,316482217
" NASHVILLE",2013-04-10,5334749,321816966
" NASHVILLE",2013-04-11,4045570,325862536
" NASHVILLE",2013-04-12,14840181,340702717
" NASHVILLE",2013-04-13,85000,340787717
" NASHVILLE",2013-04-15,12281622,353069339
" NASHVILLE",2013-04-16,3255900,356325239
" NASHVILLE",2013-04-17,9040530,365365769
" NASHVILLE",2013-04-18,6932575,372298344
" NASHVILLE",2013-04-19,14226940,386525284
" NASHVILLE",2013-04-20,185000,386710284
" NASHVILLE",2013-04-21,163700,386873984
" NASHVILLE",2013-04-22,6755300,393629284
" NASHVILLE",2013-04-23,1691188,395320472
" NASHVILLE",2013-04-24,4881874,400202346
" NASHVILLE",2013-04-25,8450643,408652989
" NASHVILLE",2013-04-26,17405514,426058503
" NASHVILLE",2013-04-28,167000,426225503
" NASHVILLE",2013-04-29,12618031,438843534
" NASHVILLE",2013-04-30,21659734,460503268
" NASHVILLE",2013-05-01,10910115,471413383
" NASHVILLE",2013-05-02,4101348,475514731
" NASHVILLE",2013-05-03,8390475,483905206
" NASHVILLE",2013-05-04,370000,484275206
" NASHVILLE",2013-05-05,157500,484432706
" NASHVILLE",2013-05-06,5354500,489787206
" NASHVILLE",2013-05-07,2793300,492580506
" NASHVILLE",2013-05-08,4257160,496837666
" NASHVILLE",2013-05-09,4969300,501806966
" NASHVILLE",2013-05-10,16709948,518516914
" NASHVILLE",2013-05-13,6194561,524711475
" NASHVILLE",2013-05-14,5937150,530648625
" NASHVILLE",2013-05-15,14576394,545225019
" NASHVILLE",2013-05-16,8626850,553851869
" NASHVILLE",2013-05-17,12424555,566276424
" NASHVILLE",2013-05-20,6287190,572563614
" NASHVILLE",2013-05-21,6595372,579158986
" NASHVILLE",2013-05-22,7402400,586561386
" NASHVILLE",2013-05-23,7882038,594443424
" NASHVILLE",2013-05-24,16036905,610480329
" NASHVILLE",2013-05-28,12280685,622761014
" NASHVILLE",2013-05-29,9804020,632565034
" NASHVILLE",2013-05-30,24243106,656808140
" NASHVILLE",2013-05-31,37994499,694802639
" NASHVILLE",2013-06-01,175100,694977739
" NASHVILLE",2013-06-03,8085650,703063389
" NASHVILLE",2013-06-04,9913212,712976601
" NASHVILLE",2013-06-05,7002613,719979214
" NASHVILLE",2013-06-06,6426393,726405607
" NASHVILLE",2013-06-07,17203613,743609220
" NASHVILLE",2013-06-09,355500,743964720
" NASHVILLE",2013-06-10,6073910,750038630
" NASHVILLE",2013-06-11,3537359,753575989
" NASHVILLE",2013-06-12,8826135,762402124
" NASHVILLE",2013-06-13,10750043,773152167
" NASHVILLE",2013-06-14,25956120,799108287
" NASHVILLE",2013-06-16,100000,799208287
" NASHVILLE",2013-06-17,25908250,825116537
" NASHVILLE",2013-06-18,10673145,835789682
" NASHVILLE",2013-06-19,6913557,842703239
" NASHVILLE",2013-06-20,5417206,848120445
" NASHVILLE",2013-06-21,18382421,866502866
" NASHVILLE",2013-06-24,8881559,875384425
" NASHVILLE",2013-06-25,16114235,891498660
" NASHVILLE",2013-06-26,11651569,903150229
" NASHVILLE",2013-06-27,16293728,919443957
" NASHVILLE",2013-06-28,61952206,981396163
" NASHVILLE",2013-06-29,1275000,982671163
" NASHVILLE",2013-07-01,19108419,1001779582
" NASHVILLE",2013-07-02,9105328,1010884910
" NASHVILLE",2013-07-03,6985276,1017870186
" NASHVILLE",2013-07-05,4474300,1022344486
" NASHVILLE",2013-07-08,10109283,1032453769
" NASHVILLE",2013-07-09,6538461,1038992230
" NASHVILLE",2013-07-10,8335995,1047328225
" NASHVILLE",2013-07-11,5609990,1052938215
" NASHVILLE",2013-07-12,14996095,1067934310
" NASHVILLE",2013-07-15,8565475,1076499785
" NASHVILLE",2013-07-16,7246215,1083746000
" NASHVILLE",2013-07-17,6568253,1090314253
" NASHVILLE",2013-07-18,5621545,1095935798
" NASHVILLE",2013-07-19,17878265,1113814063
" NASHVILLE",2013-07-22,8503849,1122317912
" NASHVILLE",2013-07-23,4105789,1126423701
" NASHVILLE",2013-07-24,7628959,1134052660
" NASHVILLE",2013-07-25,6619438,1140672098
" NASHVILLE",2013-07-26,19493832,1160165930
" NASHVILLE",2013-07-29,11086047,1171251977
" NASHVILLE",2013-07-30,12891598,1184143575
" NASHVILLE",2013-07-31,20634621,1204778196
" NASHVILLE",2013-08-01,32162080,1236940276
" NASHVILLE",2013-08-02,10707597,1247647873
" NASHVILLE",2013-08-03,210000,1247857873
" NASHVILLE",2013-08-04,360000,1248217873
" NASHVILLE",2013-08-05,6111070,1254328943
" NASHVILLE",2013-08-06,5528490,1259857433
" NASHVILLE",2013-08-07,4632010,1264489443
" NASHVILLE",2013-08-08,8388304,1272877747
" NASHVILLE",2013-08-09,10237878,1283115625
" NASHVILLE",2013-08-10,39500,1283155125
" NASHVILLE",2013-08-11,117500,1283272625
" NASHVILLE",2013-08-12,8029355,1291301980
" NASHVILLE",2013-08-13,6001030,1297303010
" NASHVILLE",2013-08-14,7208827,1304511837
" NASHVILLE",2013-08-15,18934032,1323445869
" NASHVILLE",2013-08-16,11840380,1335286249
" NASHVILLE",2013-08-19,9611700,1344897949
" NASHVILLE",2013-08-20,4398644,1349296593
" NASHVILLE",2013-08-21,7368554,1356665147
" NASHVILLE",2013-08-22,5089658,1361754805
" NASHVILLE",2013-08-23,16441365,1378196170
" NASHVILLE",2013-08-24,285060,1378481230
" NASHVILLE",2013-08-26,9189800,1387671030
" NASHVILLE",2013-08-27,6463100,1394134130
" NASHVILLE",2013-08-28,11798623,1405932753
" NASHVILLE",2013-08-29,16011742,1421944495
" NASHVILLE",2013-08-30,30665664,1452610159
" NASHVILLE",2013-08-31,164000,1452774159
" NASHVILLE",2013-09-03,4399854,1457174013
" NASHVILLE",2013-09-04,5788890,1462962903
" NASHVILLE",2013-09-05,4924250,1467887153
" NASHVILLE",2013-09-06,10796876,1478684029
" NASHVILLE",2013-09-09,4732275,1483416304
" NASHVILLE",2013-09-10,4389895,1487806199
" NASHVILLE",2013-09-11,2293848,1490100047
" NASHVILLE",2013-09-12,5607650,1495707697
" NASHVILLE",2013-09-13,14123090,1509830787
" NASHVILLE",2013-09-14,430000,1510260787
" NASHVILLE",2013-09-16,5549613,1515810400
" NASHVILLE",2013-09-17,3981900,1519792300
" NASHVILLE",2013-09-18,7405500,1527197800
" NASHVILLE",2013-09-19,7040000,1534237800
" NASHVILLE",2013-09-20,17928130,1552165930
" NASHVILLE",2013-09-23,6920183,1559086113
" NASHVILLE",2013-09-24,7659153,1566745266
" NASHVILLE",2013-09-25,5613250,1572358516
" NASHVILLE",2013-09-26,6971650,1579330166
" NASHVILLE",2013-09-27,12856642,1592186808
" NASHVILLE",2013-09-28,190000,1592376808
" NASHVILLE",2013-09-30,15445542,1607822350
" NASHVILLE",2013-10-01,6128300,1613950650
" NASHVILLE",2013-10-02,2773850,1616724500
" NASHVILLE",2013-10-03,3143115,1619867615
" NASHVILLE",2013-10-04,12092967,1631960582
" NASHVILLE",2013-10-07,7322540,1639283122
" NASHVILLE",2013-10-08,5032803,1644315925
" NASHVILLE",2013-10-09,4004700,1648320625
" NASHVILLE",2013-10-10,7092126,1655412751
" NASHVILLE",2013-10-11,8400415,1663813166
" NASHVILLE",2013-10-13,340000,1664153166
" NASHVILLE",2013-10-14,3123288,1667276454
" NASHVILLE",2013-10-15,16423521,1683699975
" NASHVILLE",2013-10-16,7097386,1690797361
" NASHVILLE",2013-10-17,3884500,1694681861
" NASHVILLE",2013-10-18,10424829,1705106690
" NASHVILLE",2013-10-21,6421110,1711527800
" NASHVILLE",2013-10-22,3254557,1714782357
" NASHVILLE",2013-10-23,4830250,1719612607
" NASHVILLE",2013-10-24,3809805,1723422412
" NASHVILLE",2013-10-25,12798705,1736221117
" NASHVILLE",2013-10-26,123300,1736344417
" NASHVILLE",2013-10-28,10531049,1746875466
" NASHVILLE",2013-10-29,8405132,1755280598
" NASHVILLE",2013-10-30,15826838,1771107436
" NASHVILLE",2013-10-31,16695218,1787802654
" NASHVILLE",2013-11-01,15157447,1802960101
" NASHVILLE",2013-11-04,4247333,1807207434
" NASHVILLE",2013-11-05,5279253,1812486687
" NASHVILLE",2013-11-06,4170750,1816657437
" NASHVILLE",2013-11-07,4598136,1821255573
" NASHVILLE",2013-11-08,14135209,1835390782
" NASHVILLE",2013-11-09,13250,1835404032
" NASHVILLE",2013-11-11,990400,1836394432
" NASHVILLE",2013-11-12,14849371,1851243803
" NASHVILLE",2013-11-13,5005656,1856249459
" NASHVILLE",2013-11-14,4862832,1861112291
" NASHVILLE",2013-11-15,17792020,1878904311
" NASHVILLE",2013-11-18,6156550,1885060861
" NASHVILLE",2013-11-19,4389250,1889450111
" NASHVILLE",2013-11-20,6298153,1895748264
" NASHVILLE",2013-11-21,6651897,1902400161
" NASHVILLE",2013-11-22,14400495,1916800656
" NASHVILLE",2013-11-23,159000,1916959656
" NASHVILLE",2013-11-25,12689576,1929649232
" NASHVILLE",2013-11-26,8898799,1938548031
" NASHVILLE",2013-11-27,10243992,1948792023
" NASHVILLE",2013-11-29,137500,1948929523
" NASHVILLE",2013-12-02,13522749,1962452272
" NASHVILLE",2013-12-03,5625055,1968077327
" NASHVILLE",2013-12-04,4112627,1972189954
" NASHVILLE",2013-12-05,6941739,1979131693
" NASHVILLE",2013-12-06,15157175,1994288868
" NASHVILLE",2013-12-09,4897399,1999186267
" NASHVILLE",2013-12-10,6888941,2006075208
" NASHVILLE",2013-12-11,7138660,2013213868
" NASHVILLE",2013-12-12,5394340,2018608208
" NASHVILLE",2013-12-13,12224172,2030832380
" NASHVILLE",2013-12-16,16633637,2047466017
" NASHVILLE",2013-12-17,5477033,2052943050
" NASHVILLE",2013-12-18,10945332,2063888382
" NASHVILLE",2013-12-19,10763422,2074651804
" NASHVILLE",2013-12-20,23777726,2098429530
" NASHVILLE",2013-12-23,6075350,2104504880
" NASHVILLE",2013-12-24,1690975,2106195855
" NASHVILLE",2013-12-26,1796800,2107992655
" NASHVILLE",2013-12-27,10391308,2118383963
" NASHVILLE",2013-12-30,14841810,2133225773
" NASHVILLE",2013-12-31,12596372,2145822145
" NASHVILLE",2014-01-02,2462474,2148284619
" NASHVILLE",2014-01-03,7419538,2155704157
" NASHVILLE",2014-01-06,3709623,2159413780
" NASHVILLE",2014-01-07,4227400,2163641180
" NASHVILLE",2014-01-08,2459450,2166100630
" NASHVILLE",2014-01-09,4897421,2170998051
" NASHVILLE",2014-01-10,7685979,2178684030
" NASHVILLE",2014-01-13,5727600,2184411630
" NASHVILLE",2014-01-14,1448447,2185860077
" NASHVILLE",2014-01-15,7045050,2192905127
" NASHVILLE",2014-01-16,3294000,2196199127
" NASHVILLE",2014-01-17,8348797,2204547924
" NASHVILLE",2014-01-20,318750,2204866674
" NASHVILLE",2014-01-21,3851350,2208718024
" NASHVILLE",2014-01-22,5662500,2214380524
" NASHVILLE",2014-01-23,4377900,2218758424
" NASHVILLE",2014-01-24,6269105,2225027529
" NASHVILLE",2014-01-27,4185550,2229213079
" NASHVILLE",2014-01-28,1109300,2230322379
" NASHVILLE",2014-01-29,4855428,2235177807
" NASHVILLE",2014-01-30,15702653,2250880460
" NASHVILLE",2014-01-31,15751984,2266632444
" NASHVILLE",2014-02-01,55000,2266687444
" NASHVILLE",2014-02-03,4594605,2271282049
" NASHVILLE",2014-02-04,1889730,2273171779
" NASHVILLE",2014-02-05,1658730,2274830509
" NASHVILLE",2014-02-06,4653650,2279484159
" NASHVILLE",2014-02-07,10298080,2289782239
" NASHVILLE",2014-02-08,150400,2289932639
" NASHVILLE",2014-02-10,5071195,2295003834
" NASHVILLE",2014-02-11,1435400,2296439234
" NASHVILLE",2014-02-12,2705700,2299144934
" NASHVILLE",2014-02-13,8742888,2307887822
" NASHVILLE",2014-02-14,16853890,2324741712
" NASHVILLE",2014-02-15,53500,2324795212
" NASHVILLE",2014-02-17,570900,2325366112
" NASHVILLE",2014-02-18,12199728,2337565840
" NASHVILLE",2014-02-19,4085850,2341651690
" NASHVILLE",2014-02-20,5815065,2347466755
" NASHVILLE",2014-02-21,13734632,2361201387
" NASHVILLE",2014-02-22,133000,2361334387
" NASHVILLE",2014-02-24,4464400,2365798787
" NASHVILLE",2014-02-25,5558450,2371357237
" NASHVILLE",2014-02-26,6680621,2378037858
" NASHVILLE",2014-02-27,12263630,2390301488
" NASHVILLE",2014-02-28,20753379,2411054867
" NASHVILLE",2014-03-03,5846363,2416901230
" NASHVILLE",2014-03-04,4669176,2421570406
" NASHVILLE",2014-03-05,4073771,2425644177
" NASHVILLE",2014-03-06,4190630,2429834807
" NASHVILLE",2014-03-07,21565380,2451400187
" NASHVILLE",2014-03-08,39000,2451439187
" NASHVILLE",2014-03-09,710000,2452149187
" NASHVILLE",2014-03-10,5469750,2457618937
" NASHVILLE",2014-03-11,2140502,2459759439
" NASHVILLE",2014-03-12,2968600,2462728039
" NASHVILLE",2014-03-13,9454417,2472182456
" NASHVILLE",2014-03-14,20265605,2492448061
" NASHVILLE",2014-03-17,9540140,2501988201
" NASHVILLE",2014-03-18,6733672,2508721873
" NASHVILLE",2014-03-19,2720839,2511442712
" NASHVILLE",2014-03-20,5098267,2516540979
" NASHVILLE",2014-03-21,11753178,2528294157
" NASHVILLE",2014-03-24,6807183,2535101340
" NASHVILLE",2014-03-25,12522399,2547623739
" NASHVILLE",2014-03-26,5527200,2553150939
" NASHVILLE",2014-03-27,10461862,2563612801
" NASHVILLE",2014-03-28,24528417,2588141218
" NASHVILLE",2014-03-29,315000,2588456218
" NASHVILLE",2014-03-30,515000,2588971218
" NASHVILLE",2014-03-31,36143557,2625114775
" NASHVILLE",2014-04-01,8764200,2633878975
" NASHVILLE",2014-04-02,3186342,2637065317
" NASHVILLE",2014-04-03,3263600,2640328917
" NASHVILLE",2014-04-04,13437160,2653766077
" NASHVILLE",2014-04-07,9440200,2663206277
" NASHVILLE",2014-04-08,6458091,2669664368
" NASHVILLE",2014-04-09,5964300,2675628668
" NASHVILLE",2014-04-10,235622175,2911250843
" NASHVILLE",2014-04-11,12660391,2923911234
" NASHVILLE",2014-04-14,4618000,2928529234
" NASHVILLE",2014-04-15,16891000,2945420234
" NASHVILLE",2014-04-16,8264780,2953685014
" NASHVILLE",2014-04-17,12354013,2966039027
" NASHVILLE",2014-04-18,13356199,2979395226
" NASHVILLE",2014-04-21,5371507,2984766733
" NASHVILLE",2014-04-22,4726730,2989493463
" NASHVILLE",2014-04-23,4597903,2994091366
" NASHVILLE",2014-04-24,13354300,3007445666
" NASHVILLE",2014-04-25,17847777,3025293443
" NASHVILLE",2014-04-26,147000,3025440443
" NASHVILLE",2014-04-28,8797656,3034238099
" NASHVILLE",2014-04-29,8251900,3042489999
" NASHVILLE",2014-04-30,29306375,3071796374
" NASHVILLE",2014-05-01,11830562,3083626936
" NASHVILLE",2014-05-02,13458609,3097085545
" NASHVILLE",2014-05-05,8979038,3106064583
" NASHVILLE",2014-05-06,7400993,3113465576
" NASHVILLE",2014-05-07,4493700,3117959276
" NASHVILLE",2014-05-08,6151712,3124110988
" NASHVILLE",2014-05-09,17771334,3141882322
" NASHVILLE",2014-05-12,9033530,3150915852
" NASHVILLE",2014-05-13,5251450,3156167302
" NASHVILLE",2014-05-14,8823780,3164991082
" NASHVILLE",2014-05-15,18152910,3183143992
" NASHVILLE",2014-05-16,9753069,3192897061
" NASHVILLE",2014-05-17,242000,3193139061
" NASHVILLE",2014-05-19,7919486,3201058547
" NASHVILLE",2014-05-20,7465400,3208523947
" NASHVILLE",2014-05-21,7723184,3216247131
" NASHVILLE",2014-05-22,12205115,3228452246
" NASHVILLE",2014-05-23,17609611,3246061857
" NASHVILLE",2014-05-24,137000,3246198857
" NASHVILLE",2014-05-27,6655388,3252854245
" NASHVILLE",2014-05-28,9797450,3262651695
" NASHVILLE",2014-05-29,9222858,3271874553
" NASHVILLE",2014-05-30,29094329,3300968882
" NASHVILLE",2014-06-01,134900,3301103782
" NASHVILLE",2014-06-02,71799119,3372902901
" NASHVILLE",2014-06-03,6266027,3379168928
" NASHVILLE",2014-06-04,7326851,3386495779
" NASHVILLE",2014-06-05,7833700,3394329479
" NASHVILLE",2014-06-06,17681852,3412011331
" NASHVILLE",2014-06-09,13486456,3425497787
" NASHVILLE",2014-06-10,11760505,3437258292
" NASHVILLE",2014-06-11,6585482,3443843774
" NASHVILLE",2014-06-12,9531499,3453375273
" NASHVILLE",2014-06-13,16674098,3470049371
" NASHVILLE",2014-06-16,21802840,3491852211
" NASHVILLE",2014-06-17,7502361,3499354572
" NASHVILLE",2014-06-18,7918515,3507273087
" NASHVILLE",2014-06-19,12097079,3519370166
" NASHVILLE",2014-06-20,21561525,3540931691
" NASHVILLE",2014-06-23,13165174,3554096865
" NASHVILLE",2014-06-24,6156350,3560253215
" NASHVILLE",2014-06-25,19763934,3580017149
" NASHVILLE",2014-06-26,15860196,3595877345
" NASHVILLE",2014-06-27,24649994,3620527339
" NASHVILLE",2014-06-30,45635801,3666163140
" NASHVILLE",2014-07-01,13216005,3679379145
" NASHVILLE",2014-07-02,6323184,3685702329
" NASHVILLE",2014-07-03,9119029,3694821358
" NASHVILLE",2014-07-07,9629351,3704450709
" NASHVILLE",2014-07-08,5598425,3710049134
" NASHVILLE",2014-07-09,7935164,3717984298
" NASHVILLE",2014-07-10,13667903,3731652201
" NASHVILLE",2014-07-11,19211482,3750863683
" NASHVILLE",2014-07-14,8207271,3759070954
" NASHVILLE",2014-07-15,18515275,3777586229
" NASHVILLE",2014-07-16,8641028,3786227257
" NASHVILLE",2014-07-17,7195344,3793422601
" NASHVILLE",2014-07-18,19657350,3813079951
" NASHVILLE",2014-07-21,9691982,3822771933
" NASHVILLE",2014-07-22,4282025,3827053958
" NASHVILLE",2014-07-23,9782000,3836835958
" NASHVILLE",2014-07-24,11317471,3848153429
" NASHVILLE",2014-07-25,21446798,3869600227
" NASHVILLE",2014-07-28,13726149,3883326376
" NASHVILLE",2014-07-29,15687388,3899013764
" NASHVILLE",2014-07-30,21302712,3920316476
" NASHVILLE",2014-07-31,36209708,3956526184
" NASHVILLE",2014-08-01,12123500,3968649684
" NASHVILLE",2014-08-04,6066140,3974715824
" NASHVILLE",2014-08-05,5298840,3980014664
" NASHVILLE",2014-08-06,5874377,3985889041
" NASHVILLE",2014-08-07,11297800,3997186841
" NASHVILLE",2014-08-08,72257113,4069443954
" NASHVILLE",2014-08-11,6703160,4076147114
" NASHVILLE",2014-08-12,9344641,4085491755
" NASHVILLE",2014-08-13,11042520,4096534275
" NASHVILLE",2014-08-14,12491846,4109026121
" NASHVILLE",2014-08-15,58994514,4168020635
" NASHVILLE",2014-08-16,210000,4168230635
" NASHVILLE",2014-08-18,7561800,4175792435
" NASHVILLE",2014-08-19,5732134,4181524569
" NASHVILLE",2014-08-20,9069126,4190593695
" NASHVILLE",2014-08-21,7227950,4197821645
" NASHVILLE",2014-08-22,19144713,4216966358
" NASHVILLE",2014-08-23,459500,4217425858
" NASHVILLE",2014-08-24,325000,4217750858
" NASHVILLE",2014-08-25,15322538,4233073396
" NASHVILLE",2014-08-26,46416904,4279490300
" NASHVILLE",2014-08-27,17373357,4296863657
" NASHVILLE",2014-08-28,19045432,4315909089
" NASHVILLE",2014-08-29,38238134,4354147223
" NASHVILLE",2014-08-30,579900,4354727123
" NASHVILLE",2014-09-01,144000,4354871123
" NASHVILLE",2014-09-02,8583800,4363454923
" NASHVILLE",2014-09-03,7749108,4371204031
" NASHVILLE",2014-09-04,8861754,4380065785
" NASHVILLE",2014-09-05,17191375,4397257160
" NASHVILLE",2014-09-08,8755195,4406012355
" NASHVILLE",2014-09-09,6586900,4412599255
" NASHVILLE",2014-09-10,10240426,4422839681
" NASHVILLE",2014-09-11,7540197,4430379878
" NASHVILLE",2014-09-12,22040189,4452420067
" NASHVILLE",2014-09-13,88000,4452508067
" NASHVILLE",2014-09-14,304000,4452812067
" NASHVILLE",2014-09-15,14691869,4467503936
" NASHVILLE",2014-09-16,6532741,4474036677
" NASHVILLE",2014-09-17,7371155,4481407832
" NASHVILLE",2014-09-18,9302668,4490710500
" NASHVILLE",2014-09-19,36883972,4527594472
" NASHVILLE",2014-09-22,11131195,4538725667
" NASHVILLE",2014-09-23,6618031,4545343698
" NASHVILLE",2014-09-24,26527815,4571871513
" NASHVILLE",2014-09-25,15134049,4587005562
" NASHVILLE",2014-09-26,22327268,4609332830
" NASHVILLE",2014-09-27,275000,4609607830
" NASHVILLE",2014-09-28,685000,4610292830
" NASHVILLE",2014-09-29,14226953,4624519783
" NASHVILLE",2014-09-30,31058221,4655578004
" NASHVILLE",2014-10-01,10254869,4665832873
" NASHVILLE",2014-10-02,6689676,4672522549
" NASHVILLE",2014-10-03,13658471,4686181020
" NASHVILLE",2014-10-06,8090241,4694271261
" NASHVILLE",2014-10-07,3646363,4697917624
" NASHVILLE",2014-10-08,9732211,4707649835
" NASHVILLE",2014-10-09,5880000,4713529835
" NASHVILLE",2014-10-10,15497500,4729027335
" NASHVILLE",2014-10-11,171000,4729198335
" NASHVILLE",2014-10-13,563500,4729761835
" NASHVILLE",2014-10-14,7334470,4737096305
" NASHVILLE",2014-10-15,14970682,4752066987
" NASHVILLE",2014-10-16,6411673,4758478660
" NASHVILLE",2014-10-17,20454528,4778933188
" NASHVILLE",2014-10-18,199900,4779133088
" NASHVILLE",2014-10-19,75000,4779208088
" NASHVILLE",2014-10-20,16250307,4795458395
" NASHVILLE",2014-10-21,4998063,4800456458
" NASHVILLE",2014-10-22,8912485,4809368943
" NASHVILLE",2014-10-23,5205730,4814574673
" NASHVILLE",2014-10-24,19198230,4833772903
" NASHVILLE",2014-10-26,746100,4834519003
" NASHVILLE",2014-10-27,9698205,4844217208
" NASHVILLE",2014-10-28,13699794,4857917002
" NASHVILLE",2014-10-29,14723130,4872640132
" NASHVILLE",2014-10-30,26717891,4899358023
" NASHVILLE",2014-10-31,29123062,4928481085
" NASHVILLE",2014-11-02,364000,4928845085
" NASHVILLE",2014-11-03,11341875,4940186960
" NASHVILLE",2014-11-04,254764228,5194951188
" NASHVILLE",2014-11-05,4959500,5199910688
" NASHVILLE",2014-11-06,3981000,5203891688
" NASHVILLE",2014-11-07,16010441,5219902129
" NASHVILLE",2014-11-10,8370042,5228272171
" NASHVILLE",2014-11-11,1212650,5229484821
" NASHVILLE",2014-11-12,11129676,5240614497
" NASHVILLE",2014-11-13,6377999,5246992496
" NASHVILLE",2014-11-14,20290354,5267282850
" NASHVILLE",2014-11-17,10485868,5277768718
" NASHVILLE",2014-11-18,8855818,5286624536
" NASHVILLE",2014-11-19,8353500,5294978036
" NASHVILLE",2014-11-20,13006079,5307984115
" NASHVILLE",2014-11-21,21301300,5329285415
" NASHVILLE",2014-11-24,12120550,5341405965
" NASHVILLE",2014-11-25,8625878,5350031843
" NASHVILLE",2014-11-26,11966718,5361998561
" NASHVILLE",2014-11-28,349999,5362348560
" NASHVILLE",2014-12-01,17367818,5379716378
" NASHVILLE",2014-12-02,10451363,5390167741
" NASHVILLE",2014-12-03,6944400,5397112141
" NASHVILLE",2014-12-04,9359900,5406472041
" NASHVILLE",2014-12-05,15899140,5422371181
" NASHVILLE",2014-12-06,270500,5422641681
" NASHVILLE",2014-12-07,275000,5422916681
" NASHVILLE",2014-12-08,12449894,5435366575
" NASHVILLE",2014-12-09,6639394,5442005969
" NASHVILLE",2014-12-10,11768596,5453774565
" NASHVILLE",2014-12-11,5385800,5459160365
" NASHVILLE",2014-12-12,30249884,5489410249
" NASHVILLE",2014-12-15,13626126,5503036375
" NASHVILLE",2014-12-16,15607049,5518643424
" NASHVILLE",2014-12-17,387684528,5906327952
" NASHVILLE",2014-12-18,19846650,5926174602
" NASHVILLE",2014-12-19,27350624,5953525226
" NASHVILLE",2014-12-22,11218649,5964743875
" NASHVILLE",2014-12-23,12028337,5976772212
" NASHVILLE",2014-12-24,1120000,5977892212
" NASHVILLE",2014-12-26,1382000,5979274212
" NASHVILLE",2014-12-29,17521384,5996795596
" NASHVILLE",2014-12-30,15355667,6012151263
" NASHVILLE",2014-12-31,14592342,6026743605
" NASHVILLE",2015-01-02,10218055,6036961660
" NASHVILLE",2015-01-04,200000,6037161660
" NASHVILLE",2015-01-05,8133793,6045295453
" NASHVILLE",2015-01-06,8211846,6053507299
" NASHVILLE",2015-01-07,5439175,6058946474
" NASHVILLE",2015-01-08,5786031,6064732505
" NASHVILLE",2015-01-09,18785534,6083518039
" NASHVILLE",2015-01-12,6830863,6090348902
" NASHVILLE",2015-01-13,6303456,6096652358
" NASHVILLE",2015-01-14,8807791,6105460149
" NASHVILLE",2015-01-15,19099036,6124559185
" NASHVILLE",2015-01-16,11676752,6136235937
" NASHVILLE",2015-01-17,356500,6136592437
" NASHVILLE",2015-01-19,603956,6137196393
" NASHVILLE",2015-01-20,8078737,6145275130
" NASHVILLE",2015-01-21,7685486,6152960616
" NASHVILLE",2015-01-22,4618399,6157579015
" NASHVILLE",2015-01-23,26311873,6183890888
" NASHVILLE",2015-01-26,5243660,6189134548
" NASHVILLE",2015-01-27,19813383,6208947931
" NASHVILLE",2015-01-28,14707375,6223655306
" NASHVILLE",2015-01-29,14840401,6238495707
" NASHVILLE",2015-01-30,1243661215,7482156922
" NASHVILLE",2015-01-31,557050,7482713972
" NASHVILLE",2015-02-02,6515670,7489229642
" NASHVILLE",2015-02-03,6539715,7495769357
" NASHVILLE",2015-02-04,4472454,7500241811
" NASHVILLE",2015-02-05,5015296,7505257107
" NASHVILLE",2015-02-06,17766945,7523024052
" NASHVILLE",2015-02-09,3856020,7526880072
" NASHVILLE",2015-02-10,5947209,7532827281
" NASHVILLE",2015-02-11,5694097,7538521378
" NASHVILLE",2015-02-12,11670588,7550191966
" NASHVILLE",2015-02-13,18085780,7568277746
" NASHVILLE",2015-02-14,87000,7568364746
" NASHVILLE",2015-02-16,2570000,7570934746
" NASHVILLE",2015-02-17,3721300,7574656046
" NASHVILLE",2015-02-18,5806100,7580462146
" NASHVILLE",2015-02-19,5031041,7585493187
" NASHVILLE",2015-02-20,8197860,7593691047
" NASHVILLE",2015-02-23,6550626,7600241673
" NASHVILLE",2015-02-24,3903233,7604144906
" NASHVILLE",2015-02-25,2764498,7606909404
" NASHVILLE",2015-02-26,3675180,7610584584
" NASHVILLE",2015-03-02,8339224,7618923808
" NASHVILLE",2015-03-03,7128649,7626052457
" NASHVILLE",2015-03-04,4949389,7631001846
" NASHVILLE",2015-03-05,4082235,7635084081
" NASHVILLE",2015-03-06,17157146,7652241227
" NASHVILLE",2015-03-09,23880680,7676121907
" NASHVILLE",2015-03-10,7822588,7683944495
" NASHVILLE",2015-03-11,7292847,7691237342
" NASHVILLE",2015-03-12,12847320,7704084662
" NASHVILLE",2015-03-13,12169965,7716254627
" NASHVILLE",2015-03-16,12345450,7728600077
" NASHVILLE",2015-03-17,23866885,7752466962
" NASHVILLE",2015-03-18,4520400,7756987362
" NASHVILLE",2015-03-19,5834639,7762822001
" NASHVILLE",2015-03-20,16724959,7779546960
" NASHVILLE",2015-03-21,207500,7779754460
" NASHVILLE",2015-03-23,10987765,7790742225
" NASHVILLE",2015-03-24,8365810,7799108035
" NASHVILLE",2015-03-25,8525455,7807633490
" NASHVILLE",2015-03-26,11418698,7819052188
" NASHVILLE",2015-03-27,26213391,7845265579
" NASHVILLE",2015-03-30,11765900,7857031479
" NASHVILLE",2015-03-31,30954540,7887986019
" NASHVILLE",2015-04-01,11856086,7899842105
" NASHVILLE",2015-04-02,9913215,7909755320
" NASHVILLE",2015-04-03,16612373,7926367693
" NASHVILLE",2015-04-05,135000,7926502693
" NASHVILLE",2015-04-06,9964861,7936467554
" NASHVILLE",2015-04-07,4317059,7940784613
" NASHVILLE",2015-04-08,13799385,7954583998
" NASHVILLE",2015-04-09,5441906,7960025904
" NASHVILLE",2015-04-10,13405977,7973431881
" NASHVILLE",2015-04-11,26500,7973458381
" NASHVILLE",2015-04-13,9161275,7982619656
" NASHVILLE",2015-04-14,7436500,7990056156
" NASHVILLE",2015-04-15,19963103,8010019259
" NASHVILLE",2015-04-16,9989016,8020008275
" NASHVILLE",2015-04-17,24733110,8044741385
" NASHVILLE",2015-04-18,549000,8045290385
" NASHVILLE",2015-04-20,10514500,8055804885
" NASHVILLE",2015-04-21,4027100,8059831985
" NASHVILLE",2015-04-22,6819173,8066651158
" NASHVILLE",2015-04-23,9259874,8075911032
" NASHVILLE",2015-04-24,20697272,8096608304
" NASHVILLE",2015-04-25,645000,8097253304
" NASHVILLE",2015-04-27,13971951,8111225255
" NASHVILLE",2015-04-28,14033631,8125258886
" NASHVILLE",2015-04-29,14699253,8139958139
" NASHVILLE",2015-04-30,46613192,8186571331
" NASHVILLE",2015-05-01,29484146,8216055477
" NASHVILLE",2015-05-04,12080885,8228136362
" NASHVILLE",2015-05-05,8233046,8236369408
" NASHVILLE",2015-05-06,7572838,8243942246
" NASHVILLE",2015-05-07,18451345,8262393591
" NASHVILLE",2015-05-08,17936200,8280329791
" NASHVILLE",2015-05-11,15409465,8295739256
" NASHVILLE",2015-05-12,9794570,8305533826
" NASHVILLE",2015-05-13,10299827,8315833653
" NASHVILLE",2015-05-14,15896535,8331730188
" NASHVILLE",2015-05-15,42895825,8374626013
" NASHVILLE",2015-05-16,118500,8374744513
" NASHVILLE",2015-05-18,11969500,8386714013
" NASHVILLE",2015-05-19,7726035,8394440048
" NASHVILLE",2015-05-20,12443125,8406883173
" NASHVILLE",2015-05-21,19535956,8426419129
" NASHVILLE",2015-05-22,34796099,8461215228
" NASHVILLE",2015-05-23,167890,8461383118
" NASHVILLE",2015-05-26,16448441,8477831559
" NASHVILLE",2015-05-27,12974404,8490805963
" NASHVILLE",2015-05-28,30853911,8521659874
" NASHVILLE",2015-05-29,50030968,8571690842
" NASHVILLE",2015-05-31,430000,8572120842
" NASHVILLE",2015-06-01,23033038,8595153880
" NASHVILLE",2015-06-02,15492512,8610646392
" NASHVILLE",2015-06-03,12774216,8623420608
" NASHVILLE",2015-06-04,11951550,8635372158
" NASHVILLE",2015-06-05,25406857,8660779015
" NASHVILLE",2015-06-06,542500,8661321515
" NASHVILLE",2015-06-08,19958835,8681280350
" NASHVILLE",2015-06-09,8866600,8690146950
" NASHVILLE",2015-06-10,12934611,8703081561
" NASHVILLE",2015-06-11,16658996,8719740557
" NASHVILLE",2015-06-12,22879597,8742620154
" NASHVILLE",2015-06-13,525000,8743145154
" NASHVILLE",2015-06-14,249900,8743395054
" NASHVILLE",2015-06-15,19228813,8762623867
" NASHVILLE",2015-06-16,11247170,8773871037
" NASHVILLE",2015-06-17,9243090,8783114127
" NASHVILLE",2015-06-18,23146548,8806260675
" NASHVILLE",2015-06-19,26331758,8832592433
" NASHVILLE",2015-06-22,14996954,8847589387
" NASHVILLE",2015-06-23,12711492,8860300879
" NASHVILLE",2015-06-24,13146765,8873447644
" NASHVILLE",2015-06-25,18585557,8892033201
" NASHVILLE",2015-06-26,30793135,8922826336
" NASHVILLE",2015-06-29,20995386,8943821722
" NASHVILLE",2015-06-30,49737352,8993559074
" NASHVILLE",2015-07-01,20920767,9014479841
" NASHVILLE",2015-07-02,16885742,9031365583
" NASHVILLE",2015-07-03,2619500,9033985083
" NASHVILLE",2015-07-04,174900,9034159983
" NASHVILLE",2015-07-06,9377901,9043537884
" NASHVILLE",2015-07-07,9301269,9052839153
" NASHVILLE",2015-07-08,11557800,9064396953
" NASHVILLE",2015-07-09,13434848,9077831801
" NASHVILLE",2015-07-10,24541210,9102373011
" NASHVILLE",2015-07-11,281900,9102654911
" NASHVILLE",2015-07-12,1640000,9104294911
" NASHVILLE",2015-07-13,10921261,9115216172
" NASHVILLE",2015-07-14,335413829,9450630001
" NASHVILLE",2015-07-15,26756234,9477386235
" NASHVILLE",2015-07-16,11339951,9488726186
" NASHVILLE",2015-07-17,19029942,9507756128
" NASHVILLE",2015-07-20,15228126,9522984254
" NASHVILLE",2015-07-21,10856090,9533840344
" NASHVILLE",2015-07-22,7260500,9541100844
" NASHVILLE",2015-07-23,11250797,9552351641
" NASHVILLE",2015-07-24,26937290,9579288931
" NASHVILLE",2015-07-27,13893104,9593182035
" NASHVILLE",2015-07-28,11700488,9604882523
" NASHVILLE",2015-07-29,18886098,9623768621
" NASHVILLE",2015-07-30,28609932,9652378553
" NASHVILLE",2015-07-31,42158869,9694537422
" NASHVILLE",2015-08-03,20725750,9715263172
" NASHVILLE",2015-08-04,10658802,9725921974
" NASHVILLE",2015-08-05,11886793,9737808767
" NASHVILLE",2015-08-06,20465550,9758274317
" NASHVILLE",2015-08-07,17241258,9775515575
" NASHVILLE",2015-08-10,14479304,9789994879
" NASHVILLE",2015-08-11,8910362,9798905241
" NASHVILLE",2015-08-12,7415689,9806320930
" NASHVILLE",2015-08-13,11024276,9817345206
" NASHVILLE",2015-08-14,31035895,9848381101
" NASHVILLE",2015-08-17,15465661,9863846762
" NASHVILLE",2015-08-18,8162998,9872009760
" NASHVILLE",2015-08-19,10562638,9882572398
" NASHVILLE",2015-08-20,16483045,9899055443
" NASHVILLE",2015-08-21,18476419,9917531862
" NASHVILLE",2015-08-22,75000,9917606862
" NASHVILLE",2015-08-24,17417049,9935023911
" NASHVILLE",2015-08-25,17138797,9952162708
" NASHVILLE",2015-08-26,9072663,9961235371
" NASHVILLE",2015-08-27,16915441,9978150812
" NASHVILLE",2015-08-28,30348890,10008499702
" NASHVILLE",2015-08-29,589900,10009089602
" NASHVILLE",2015-08-31,40224518,10049314120
" NASHVILLE",2015-09-01,12708381,10062022501
" NASHVILLE",2015-09-02,7436982,10069459483
" NASHVILLE",2015-09-03,8007100,10077466583
" NASHVILLE",2015-09-04,19264039,10096730622
" NASHVILLE",2015-09-08,7206583,10103937205
" NASHVILLE",2015-09-09,10447617,10114384822
" NASHVILLE",2015-09-10,10509359,10124894181
" NASHVILLE",2015-09-11,17702452,10142596633
" NASHVILLE",2015-09-12,130000,10142726633
" NASHVILLE",2015-09-14,40804382,10183531015
" NASHVILLE",2015-09-15,22285869,10205816884
" NASHVILLE",2015-09-16,11781123,10217598007
" NASHVILLE",2015-09-17,13760605,10231358612
" NASHVILLE",2015-09-18,19958284,10251316896
" NASHVILLE",2015-09-21,19069800,10270386696
" NASHVILLE",2015-09-22,11915928,10282302624
" NASHVILLE",2015-09-23,5570319,10287872943
" NASHVILLE",2015-09-24,14123334,10301996277
" NASHVILLE",2015-09-25,22017417,10324013694
" NASHVILLE",2015-09-26,182000,10324195694
" NASHVILLE",2015-09-28,11856770,10336052464
" NASHVILLE",2015-09-29,121683744,10457736208
" NASHVILLE",2015-09-30,48539176,10506275384
" NASHVILLE",2015-10-01,12745582,10519020966
" NASHVILLE",2015-10-02,17288506,10536309472
" NASHVILLE",2015-10-03,225900,10536535372
" NASHVILLE",2015-10-04,315000,10536850372
" NASHVILLE",2015-10-05,7630820,10544481192
" NASHVILLE",2015-10-06,3995865,10548477057
" NASHVILLE",2015-10-07,10539640,10559016697
" NASHVILLE",2015-10-08,6112432,10565129129
" NASHVILLE",2015-10-09,14429029,10579558158
" NASHVILLE",2015-10-12,422500,10579980658
" NASHVILLE",2015-10-13,9944408,10589925066
" NASHVILLE",2015-10-14,7300603,10597225669
" NASHVILLE",2015-10-15,15591302,10612816971
" NASHVILLE",2015-10-16,19166510,10631983481
" NASHVILLE",2015-10-17,215000,10632198481
" NASHVILLE",2015-10-18,369900,10632568381
" NASHVILLE",2015-10-19,8592000,10641160381
" NASHVILLE",2015-10-20,10722672,10651883053
" NASHVILLE",2015-10-21,3217104,10655100157
" NASHVILLE",2015-10-22,11535862,10666636019
" NASHVILLE",2015-10-23,35606294,10702242313
" NASHVILLE",2015-10-26,13434951,10715677264
" NASHVILLE",2015-10-27,5204416,10720881680
" NASHVILLE",2015-10-28,12375185,10733256865
" NASHVILLE",2015-10-29,5703616,10738960481
" NASHVILLE",2015-10-30,12191774,10751152255
" NASHVILLE",2015-11-02,9268178,10760420433
" NASHVILLE",2015-11-03,4924307,10765344740
" NASHVILLE",2015-11-04,43292065,10808636805
" NASHVILLE",2015-11-05,8302628,10816939433
" NASHVILLE",2015-11-06,12606163,10829545596
" NASHVILLE",2015-11-09,6826146,10836371742
" NASHVILLE",2015-11-10,10315050,10846686792
" NASHVILLE",2015-11-11,1031000,10847717792
" NASHVILLE",2015-11-12,10999938,10858717730
" NASHVILLE",2015-11-13,16176345,10874894075
" NASHVILLE",2015-11-15,365000,10875259075
" NASHVILLE",2015-11-16,10335019,10885594094
" NASHVILLE",2015-11-17,10483028,10896077122
" NASHVILLE",2015-11-18,6100921,10902178043
" NASHVILLE",2015-11-19,30827916,10933005959
" NASHVILLE",2015-11-20,25251761,10958257720
" NASHVILLE",2015-11-23,17343501,10975601221
" NASHVILLE",2015-11-24,10105525,10985706746
" NASHVILLE",2015-11-25,7655081,10993361827
" NASHVILLE",2015-11-27,165000,10993526827
" NASHVILLE",2015-11-30,39240193,11032767020
" NASHVILLE",2015-12-01,18735544,11051502564
" NASHVILLE",2015-12-02,6188236,11057690800
" NASHVILLE",2015-12-03,11221400,11068912200
" NASHVILLE",2015-12-04,16171230,11085083430
" NASHVILLE",2015-12-05,265000,11085348430
" NASHVILLE",2015-12-06,1500000,11086848430
" NASHVILLE",2015-12-07,21701149,11108549579
" NASHVILLE",2015-12-08,6257452,11114807031
" NASHVILLE",2015-12-09,4882170,11119689201
" NASHVILLE",2015-12-10,11470888,11131160089
" NASHVILLE",2015-12-11,19474658,11150634747
" NASHVILLE",2015-12-14,14876180,11165510927
" NASHVILLE",2015-12-15,22562377,11188073304
" NASHVILLE",2015-12-16,7323522,11195396826
" NASHVILLE",2015-12-17,16419724,11211816550
" NASHVILLE",2015-12-18,27193380,11239009930
" NASHVILLE",2015-12-21,120325919,11359335849
" NASHVILLE",2015-12-22,12767043,11372102892
" NASHVILLE",2015-12-23,5760393,11377863285
" NASHVILLE",2015-12-24,529900,11378393185
" NASHVILLE",2015-12-26,116500,11378509685
" NASHVILLE",2015-12-27,355000,11378864685
" NASHVILLE",2015-12-28,9461760,11388326445
" NASHVILLE",2015-12-29,8401300,11396727745
" NASHVILLE",2015-12-30,13558050,11410285795
" NASHVILLE",2015-12-31,5941033,11416226828
" NASHVILLE",2016-01-04,103976388,11520203216
" NASHVILLE",2016-01-05,6711408,11526914624
" NASHVILLE",2016-01-06,4225291,11531139915
" NASHVILLE",2016-01-07,8408166,11539548081
" NASHVILLE",2016-01-08,16278118,11555826199
" NASHVILLE",2016-01-11,4368400,11560194599
" NASHVILLE",2016-01-12,6318022,11566512621
" NASHVILLE",2016-01-13,3961550,11570474171
" NASHVILLE",2016-01-14,5599850,11576074021
" NASHVILLE",2016-01-15,35080628,11611154649
" NASHVILLE",2016-01-18,48000,11611202649
" NASHVILLE",2016-01-19,11880779,11623083428
" NASHVILLE",2016-01-20,5704116,11628787544
" NASHVILLE",2016-01-21,9988577,11638776121
" NASHVILLE",2016-01-22,12099117,11650875238
" NASHVILLE",2016-01-25,23775373,11674650611
" NASHVILLE",2016-01-26,4165290,11678815901
" NASHVILLE",2016-01-27,4350845,11683166746
" NASHVILLE",2016-01-28,9283396,11692450142
" NASHVILLE",2016-01-29,39425438,11731875580
" NASHVILLE",2016-02-01,5868700,11737744280
" NASHVILLE",2016-02-02,2548300,11740292580
" NASHVILLE",2016-02-03,6185844,11746478424
" NASHVILLE",2016-02-04,5996120,11752474544
" NASHVILLE",2016-02-05,15250658,11767725202
" NASHVILLE",2016-02-08,6704803,11774430005
" NASHVILLE",2016-02-09,3928050,11778358055
" NASHVILLE",2016-02-10,3744355,11782102410
" NASHVILLE",2016-02-11,8238124,11790340534
" NASHVILLE",2016-02-12,25171141,11815511675
" NASHVILLE",2016-02-15,565950,11816077625
" NASHVILLE",2016-02-16,14210174,11830287799
" NASHVILLE",2016-02-17,6857558,11837145357
" NASHVILLE",2016-02-18,7664574,11844809931
" NASHVILLE",2016-02-19,19341717,11864151648
" NASHVILLE",2016-02-22,10517590,11874669238
" NASHVILLE",2016-02-23,5588441,11880257679
" NASHVILLE",2016-02-24,7372058,11887629737
" NASHVILLE",2016-02-25,7762140,11895391877
" NASHVILLE",2016-02-26,27713096,11923104973
" NASHVILLE",2016-03-01,13646240,11936751213
" NASHVILLE",2016-03-02,6065519,11942816732
" NASHVILLE",2016-03-03,4778890,11947595622
" NASHVILLE",2016-03-04,24491354,11972086976
" NASHVILLE",2016-03-07,10349162,11982436138
" NASHVILLE",2016-03-08,9347575,11991783713
" NASHVILLE",2016-03-09,4886353,11996670066
" NASHVILLE",2016-03-10,7669819,12004339885
" NASHVILLE",2016-03-11,18265765,12022605650
" NASHVILLE",2016-03-12,420000,12023025650
" NASHVILLE",2016-03-14,13586300,12036611950
" NASHVILLE",2016-03-15,11381520,12047993470
" NASHVILLE",2016-03-16,10366831,12058360301
" NASHVILLE",2016-03-17,12123122,12070483423
" NASHVILLE",2016-03-18,24857301,12095340724
" NASHVILLE",2016-03-21,10601767,12105942491
" NASHVILLE",2016-03-22,8375999,12114318490
" NASHVILLE",2016-03-23,5701600,12120020090
" NASHVILLE",2016-03-24,12509804,12132529894
" NASHVILLE",2016-03-25,14255979,12146785873
" NASHVILLE",2016-03-26,1055000,12147840873
" NASHVILLE",2016-03-28,15137776,12162978649
" NASHVILLE",2016-03-29,12482550,12175461199
" NASHVILLE",2016-03-30,19061650,12194522849
" NASHVILLE",2016-03-31,46436852,12240959701
" NASHVILLE",2016-04-01,22778332,12263738033
" NASHVILLE",2016-04-02,1215000,12264953033
" NASHVILLE",2016-04-04,14459490,12279412523
" NASHVILLE",2016-04-05,14020932,12293433455
" NASHVILLE",2016-04-06,6920753,12300354208
" NASHVILLE",2016-04-07,6940724,12307294932
" NASHVILLE",2016-04-08,15848608,12323143540
" NASHVILLE",2016-04-11,10551514,12333695054
" NASHVILLE",2016-04-12,7905233,12341600287
" NASHVILLE",2016-04-13,10346804,12351947091
" NASHVILLE",2016-04-14,12894893,12364841984
" NASHVILLE",2016-04-15,39226880,12404068864
" NASHVILLE",2016-04-18,16417695,12420486559
" NASHVILLE",2016-04-19,6286304,12426772863
" NASHVILLE",2016-04-20,9195620,12435968483
" NASHVILLE",2016-04-21,7183117,12443151600
" NASHVILLE",2016-04-22,30420890,12473572490
" NASHVILLE",2016-04-23,210000,12473782490
" NASHVILLE",2016-04-25,14356155,12488138645
" NASHVILLE",2016-04-26,6803405,12494942050
" NASHVILLE",2016-04-27,10229908,12505171958
" NASHVILLE",2016-04-28,28209584,12533381542
" NASHVILLE",2016-04-29,65594947,12598976489
" NASHVILLE",2016-04-30,435000,12599411489
" NASHVILLE",2016-05-02,21917504,12621328993
" NASHVILLE",2016-05-03,16447470,12637776463
" NASHVILLE",2016-05-04,9256094,12647032557
" NASHVILLE",2016-05-05,10862828,12657895385
" NASHVILLE",2016-05-06,31131325,12689026710
" NASHVILLE",2016-05-09,14231484,12703258194
" NASHVILLE",2016-05-10,13648776,12716906970
" NASHVILLE",2016-05-11,10783800,12727690770
" NASHVILLE",2016-05-12,15480545,12743171315
" NASHVILLE",2016-05-13,21354032,12764525347
" NASHVILLE",2016-05-14,110100,12764635447
" NASHVILLE",2016-05-16,26989422,12791624869
" NASHVILLE",2016-05-17,12930568,12804555437
" NASHVILLE",2016-05-18,17022931,12821578368
" NASHVILLE",2016-05-19,15437139,12837015507
" NASHVILLE",2016-05-20,37244432,12874259939
" NASHVILLE",2016-05-23,14999076,12889259015
" NASHVILLE",2016-05-24,16296779,12905555794
" NASHVILLE",2016-05-25,21239779,12926795573
" NASHVILLE",2016-05-26,20527053,12947322626
" NASHVILLE",2016-05-27,26867522,12974190148
" NASHVILLE",2016-05-28,185000,12974375148
" NASHVILLE",2016-05-31,51152165,13025527313
" NASHVILLE",2016-06-01,27973884,13053501197
" NASHVILLE",2016-06-02,12442324,13065943521
" NASHVILLE",2016-06-03,33378673,13099322194
" NASHVILLE",2016-06-04,660000,13099982194
" NASHVILLE",2016-06-05,295000,13100277194
" NASHVILLE",2016-06-06,16506206,13116783400
" NASHVILLE",2016-06-07,16637609,13133421009
" NASHVILLE",2016-06-08,11605200,13145026209
" NASHVILLE",2016-06-09,17019171,13162045380
" NASHVILLE",2016-06-10,23480397,13185525777
" NASHVILLE",2016-06-13,12905682,13198431459
" NASHVILLE",2016-06-14,15799074,13214230533
" NASHVILLE",2016-06-15,26300355,13240530888
" NASHVILLE",2016-06-16,18769865,13259300753
" NASHVILLE",2016-06-17,33288098,13292588851
" NASHVILLE",2016-06-18,525000,13293113851
" NASHVILLE",2016-06-20,17123518,13310237369
" NASHVILLE",2016-06-21,11651675,13321889044
" NASHVILLE",2016-06-22,21388131,13343277175
" NASHVILLE",2016-06-23,16748035,13360025210
" NASHVILLE",2016-06-24,36437305,13396462515
" NASHVILLE",2016-06-25,232900,13396695415
" NASHVILLE",2016-06-26,229900,13396925315
" NASHVILLE",2016-06-27,17807575,13414732890
" NASHVILLE",2016-06-28,16194050,13430926940
" NASHVILLE",2016-06-29,15137841,13446064781
" NASHVILLE",2016-06-30,61607641,13507672422
" NASHVILLE",2016-07-01,25150670,13532823092
" NASHVILLE",2016-07-02,90000,13532913092
" NASHVILLE",2016-07-05,10528186,13543441278
" NASHVILLE",2016-07-06,12844614,13556285892
" NASHVILLE",2016-07-07,13438588,13569724480
" NASHVILLE",2016-07-08,27799726,13597524206
" NASHVILLE",2016-07-10,195000,13597719206
" NASHVILLE",2016-07-11,14375583,13612094789
" NASHVILLE",2016-07-12,17034660,13629129449
" NASHVILLE",2016-07-13,8772938,13637902387
" NASHVILLE",2016-07-14,17380404,13655282791
" NASHVILLE",2016-07-15,30870413,13686153204
" NASHVILLE",2016-07-18,13455778,13699608982
" NASHVILLE",2016-07-19,8022610,13707631592
" NASHVILLE",2016-07-20,10325280,13717956872
" NASHVILLE",2016-07-21,8381473,13726338345
" NASHVILLE",2016-07-22,29829358,13756167703
" NASHVILLE",2016-07-25,8460205,13764627908
" NASHVILLE",2016-07-26,2289100,13766917008
" NASHVILLE",2016-07-27,2819325,13769736333
" NASHVILLE",2016-07-28,360000,13770096333
" NASHVILLE",2016-08-01,23115981,13793212314
" NASHVILLE",2016-08-02,10340715,13803553029
" NASHVILLE",2016-08-03,8323133,13811876162
" NASHVILLE",2016-08-04,9833150,13821709312
" NASHVILLE",2016-08-05,20153321,13841862633
" NASHVILLE",2016-08-08,18500638,13860363271
" NASHVILLE",2016-08-09,5489888,13865853159
" NASHVILLE",2016-08-10,12613667,13878466826
" NASHVILLE",2016-08-11,10399267,13888866093
" NASHVILLE",2016-08-12,24644239,13913510332
" NASHVILLE",2016-08-15,19589050,13933099382
" NASHVILLE",2016-08-16,12106000,13945205382
" NASHVILLE",2016-08-17,12139150,13957344532
" NASHVILLE",2016-08-18,14717409,13972061941
" NASHVILLE",2016-08-19,18224115,13990286056
" NASHVILLE",2016-08-20,1175000,13991461056
" NASHVILLE",2016-08-22,11485600,14002946656
" NASHVILLE",2016-08-23,14118680,14017065336
" NASHVILLE",2016-08-24,9465122,14026530458
" NASHVILLE",2016-08-25,8660500,14035190958
" NASHVILLE",2016-08-26,15514589,14050705547
" NASHVILLE",2016-08-29,5964304,14056669851
" NASHVILLE",2016-08-30,5595344,14062265195
" NASHVILLE",2016-08-31,3378500,14065643695
" NASHVILLE",2016-09-01,14375089,14080018784
" NASHVILLE",2016-09-02,18571761,14098590545
" NASHVILLE",2016-09-03,462000,14099052545
" NASHVILLE",2016-09-06,13896974,14112949519
" NASHVILLE",2016-09-07,8472815,14121422334
" NASHVILLE",2016-09-08,13189650,14134611984
" NASHVILLE",2016-09-09,19606738,14154218722
" NASHVILLE",2016-09-12,12113139,14166331861
" NASHVILLE",2016-09-13,7233440,14173565301
" NASHVILLE",2016-09-14,10094538,14183659839
" NASHVILLE",2016-09-15,19796181,14203456020
" NASHVILLE",2016-09-16,24141500,14227597520
" NASHVILLE",2016-09-17,452500,14228050020
" NASHVILLE",2016-09-19,11284858,14239334878
" NASHVILLE",2016-09-20,16031150,14255366028
" NASHVILLE",2016-09-21,6805816,14262171844
" NASHVILLE",2016-09-22,14362600,14276534444
" NASHVILLE",2016-09-23,20891350,14297425794
" NASHVILLE",2016-09-24,429900,14297855694
" NASHVILLE",2016-09-26,17859822,14315715516
" NASHVILLE",2016-09-27,9733539,14325449055
" NASHVILLE",2016-09-28,14852389,14340301444
" NASHVILLE",2016-09-29,17304727,14357606171
" NASHVILLE",2016-09-30,49796785,14407402956
" NASHVILLE",2016-10-03,19033720,14426436676
" NASHVILLE",2016-10-04,7383200,14433819876
" NASHVILLE",2016-10-05,57127025,14490946901
" NASHVILLE",2016-10-06,10211184,14501158085
" NASHVILLE",2016-10-07,20998374,14522156459
" NASHVILLE",2016-10-10,2550000,14524706459
" NASHVILLE",2016-10-11,11452679,14536159138
" NASHVILLE",2016-10-12,9094700,14545253838
" NASHVILLE",2016-10-13,6831475,14552085313
" NASHVILLE",2016-10-14,22765350,14574850663
" NASHVILLE",2016-10-17,16387972,14591238635
" NASHVILLE",2016-10-18,11493732,14602732367
" NASHVILLE",2016-10-19,11021954,14613754321
" NASHVILLE",2016-10-20,9958488,14623712809
" NASHVILLE",2016-10-21,22460315,14646173124
" NASHVILLE",2016-10-23,165000,14646338124
" NASHVILLE",2016-10-24,11882407,14658220531
" NASHVILLE",2016-10-25,10405959,14668626490
" NASHVILLE",2016-10-26,16006518,14684633008
" NASHVILLE",2016-10-27,12375800,14697008808
" NASHVILLE",2016-10-28,29112834,14726121642
" NASHVILLE",2016-10-31,24428073,14750549715
" NOLENSVILLE",2013-01-24,339900,339900
" NOLENSVILLE",2013-02-08,306920,646820
" NOLENSVILLE",2013-02-21,336374,983194
" NOLENSVILLE",2013-03-08,267217,1250411
" NOLENSVILLE",2013-03-16,279900,1530311
" NOLENSVILLE",2013-03-22,327000,1857311
" NOLENSVILLE",2013-04-05,280580,2137891
" NOLENSVILLE",2013-04-10,206500,2344391
" NOLENSVILLE",2013-04-19,608300,2952691
" NOLENSVILLE",2013-04-22,306434,3259125
" NOLENSVILLE",2013-04-26,561939,3821064
" NOLENSVILLE",2013-04-29,72500,3893564
" NOLENSVILLE",2013-04-30,328190,4221754
" NOLENSVILLE",2013-05-09,344900,4566654
" NOLENSVILLE",2013-05-24,331470,4898124
" NOLENSVILLE",2013-05-29,339900,5238024
" NOLENSVILLE",2013-06-03,538890,5776914
" NOLENSVILLE",2013-06-06,401433,6178347
" NOLENSVILLE",2013-06-07,330287,6508634
" NOLENSVILLE",2013-06-28,342500,6851134
" NOLENSVILLE",2013-07-15,315000,7166134
" NOLENSVILLE",2013-07-23,430000,7596134
" NOLENSVILLE",2013-07-25,356510,7952644
" NOLENSVILLE",2013-07-26,309900,8262544
" NOLENSVILLE",2013-07-31,206000,8468544
" NOLENSVILLE",2013-08-01,199000,8667544
" NOLENSVILLE",2013-08-02,380000,9047544
" NOLENSVILLE",2013-08-06,125364,9172908
" NOLENSVILLE",2013-08-30,621900,9794808
" NOLENSVILLE",2013-09-09,329900,10124708
" NOLENSVILLE",2013-09-24,319900,10444608
" NOLENSVILLE",2013-09-25,65000,10509608
" NOLENSVILLE",2013-10-09,627000,11136608
" NOLENSVILLE",2013-10-11,648000,11784608
" NOLENSVILLE",2013-10-15,391014,12175622
" NOLENSVILLE",2013-10-25,440140,12615762
" NOLENSVILLE",2013-11-01,362900,12978662
" NOLENSVILLE",2013-11-08,168000,13146662
" NOLENSVILLE",2013-11-15,674753,13821415
" NOLENSVILLE",2013-11-21,289000,14110415
" NOLENSVILLE",2013-11-22,333574,14443989
" NOLENSVILLE",2013-12-06,70000,14513989
" NOLENSVILLE",2013-12-10,327900,14841889
" NOLENSVILLE",2013-12-13,69000,14910889
" NOLENSVILLE",2013-12-18,69000,14979889
" NOLENSVILLE",2014-01-10,358051,15337940
" NOLENSVILLE",2014-01-17,369900,15707840
" NOLENSVILLE",2014-02-07,386815,16094655
" NOLENSVILLE",2014-02-10,280000,16374655
" NOLENSVILLE",2014-02-14,278140,16652795
" NOLENSVILLE",2014-02-21,272900,16925695
" NOLENSVILLE",2014-02-27,283000,17208695
" NOLENSVILLE",2014-03-03,327000,17535695
" NOLENSVILLE",2014-03-07,709353,18245048
" NOLENSVILLE",2014-03-10,373645,18618693
" NOLENSVILLE",2014-03-17,66592,18685285
" NOLENSVILLE",2014-03-21,244275,18929560
" NOLENSVILLE",2014-03-28,886073,19815633
" NOLENSVILLE",2014-04-04,827040,20642673
" NOLENSVILLE",2014-04-17,529942,21172615
" NOLENSVILLE",2014-04-30,269900,21442515
" NOLENSVILLE",2014-05-02,582500,22025015
" NOLENSVILLE",2014-05-09,276400,22301415
" NOLENSVILLE",2014-05-12,280344,22581759
" NOLENSVILLE",2014-05-14,297600,22879359
" NOLENSVILLE",2014-05-22,360000,23239359
" NOLENSVILLE",2014-05-28,770403,24009762
" NOLENSVILLE",2014-06-16,1835875,25845637
" NOLENSVILLE",2014-06-18,338175,26183812
" NOLENSVILLE",2014-06-25,4654050,30837862
" NOLENSVILLE",2014-06-26,287468,31125330
" NOLENSVILLE",2014-06-30,467500,31592830
" NOLENSVILLE",2014-07-11,357500,31950330
" NOLENSVILLE",2014-07-18,215000,32165330
" NOLENSVILLE",2014-07-21,334900,32500230
" NOLENSVILLE",2014-07-30,883400,33383630
" NOLENSVILLE",2014-07-31,802799,34186429
" NOLENSVILLE",2014-08-04,74585,34261014
" NOLENSVILLE",2014-08-08,289900,34550914
" NOLENSVILLE",2014-08-11,434083,34984997
" NOLENSVILLE",2014-08-12,1183360,36168357
" NOLENSVILLE",2014-08-13,289900,36458257
" NOLENSVILLE",2014-08-14,291969,36750226
" NOLENSVILLE",2014-08-15,262122,37012348
" NOLENSVILLE",2014-08-22,1959579,38971927
" NOLENSVILLE",2014-08-26,167000,39138927
" NOLENSVILLE",2014-08-27,878870,40017797
" NOLENSVILLE",2014-08-28,465352,40483149
" NOLENSVILLE",2014-08-29,590488,41073637
" NOLENSVILLE",2014-09-05,272900,41346537
" NOLENSVILLE",2014-09-11,185000,41531537
" NOLENSVILLE",2014-09-12,219900,41751437
" NOLENSVILLE",2014-09-18,272000,42023437
" NOLENSVILLE",2014-09-19,315000,42338437
" NOLENSVILLE",2014-09-25,289000,42627437
" NOLENSVILLE",2014-09-29,448889,43076326
" NOLENSVILLE",2014-09-30,265000,43341326
" NOLENSVILLE",2014-10-02,71335,43412661
" NOLENSVILLE",2014-10-03,378900,43791561
" NOLENSVILLE",2014-10-14,300325,44091886
" NOLENSVILLE",2014-10-24,254000,44345886
" NOLENSVILLE",2014-10-31,389900,44735786
" NOLENSVILLE",2014-11-04,574346,45310132
" NOLENSVILLE",2014-11-14,273900,45584032
" NOLENSVILLE",2014-11-18,290300,45874332
" NOLENSVILLE",2014-11-19,276415,46150747
" NOLENSVILLE",2014-11-20,685097,46835844
" NOLENSVILLE",2014-11-21,72651,46908495
" NOLENSVILLE",2014-11-24,277000,47185495
" NOLENSVILLE",2014-12-01,210000,47395495
" NOLENSVILLE",2014-12-05,655533,48051028
" NOLENSVILLE",2014-12-10,74151,48125179
" NOLENSVILLE",2014-12-12,589000,48714179
" NOLENSVILLE",2014-12-15,296500,49010679
" NOLENSVILLE",2014-12-19,248150,49258829
" NOLENSVILLE",2014-12-20,254900,49513729
" NOLENSVILLE",2014-12-22,332000,49845729
" NOLENSVILLE",2014-12-30,710320,50556049
" NOLENSVILLE",2015-01-08,73733,50629782
" NOLENSVILLE",2015-01-15,475000,51104782
" NOLENSVILLE",2015-01-16,301925,51406707
" NOLENSVILLE",2015-01-29,335578,51742285
" NOLENSVILLE",2015-01-30,788065,52530350
" NOLENSVILLE",2015-02-09,212000,52742350
" NOLENSVILLE",2015-03-02,145000,52887350
" NOLENSVILLE",2015-03-04,235058,53122408
" NOLENSVILLE",2015-03-10,295000,53417408
" NOLENSVILLE",2015-03-13,599900,54017308
" NOLENSVILLE",2015-03-16,325000,54342308
" NOLENSVILLE",2015-03-17,267263,54609571
" NOLENSVILLE",2015-03-20,231575,54841146
" NOLENSVILLE",2015-03-23,625727,55466873
" NOLENSVILLE",2015-03-25,187900,55654773
" NOLENSVILLE",2015-03-26,236400,55891173
" NOLENSVILLE",2015-03-27,607382,56498555
" NOLENSVILLE",2015-03-31,388000,56886555
" NOLENSVILLE",2015-04-08,189900,57076455
" NOLENSVILLE",2015-04-09,599800,57676255
" NOLENSVILLE",2015-04-10,192125,57868380
" NOLENSVILLE",2015-04-13,148164,58016544
" NOLENSVILLE",2015-04-15,372600,58389144
" NOLENSVILLE",2015-04-16,217000,58606144
" NOLENSVILLE",2015-04-17,308215,58914359
" NOLENSVILLE",2015-04-23,360430,59274789
" NOLENSVILLE",2015-04-24,291000,59565789
" NOLENSVILLE",2015-04-30,672475,60238264
" NOLENSVILLE",2015-05-04,244450,60482714
" NOLENSVILLE",2015-05-13,353544,60836258
" NOLENSVILLE",2015-05-14,310900,61147158
" NOLENSVILLE",2015-05-15,985851,62133009
" NOLENSVILLE",2015-05-21,274060,62407069
" NOLENSVILLE",2015-05-26,349900,62756969
" NOLENSVILLE",2015-05-27,471000,63227969
" NOLENSVILLE",2015-05-28,375125,63603094
" NOLENSVILLE",2015-05-29,978902,64581996
" NOLENSVILLE",2015-06-05,359900,64941896
" NOLENSVILLE",2015-06-09,222500,65164396
" NOLENSVILLE",2015-06-12,316000,65480396
" NOLENSVILLE",2015-06-17,467068,65947464
" NOLENSVILLE",2015-06-19,497196,66444660
" NOLENSVILLE",2015-06-22,319000,66763660
" NOLENSVILLE",2015-06-24,255000,67018660
" NOLENSVILLE",2015-06-25,330000,67348660
" NOLENSVILLE",2015-06-26,328000,67676660
" NOLENSVILLE",2015-06-29,592306,68268966
" NOLENSVILLE",2015-06-30,271425,68540391
" NOLENSVILLE",2015-07-02,246275,68786666
" NOLENSVILLE",2015-07-15,292975,69079641
" NOLENSVILLE",2015-07-17,617695,69697336
" NOLENSVILLE",2015-07-23,78018,69775354
" NOLENSVILLE",2015-07-24,861325,70636679
" NOLENSVILLE",2015-07-31,1819744,72456423
" NOLENSVILLE",2015-08-05,70000,72526423
" NOLENSVILLE",2015-08-06,535200,73061623
" NOLENSVILLE",2015-08-07,279125,73340748
" NOLENSVILLE",2015-08-20,360000,73700748
" NOLENSVILLE",2015-08-21,302200,74002948
" NOLENSVILLE",2015-08-27,662377,74665325
" NOLENSVILLE",2015-08-28,845350,75510675
" NOLENSVILLE",2015-08-31,843338,76354013
" NOLENSVILLE",2015-09-04,2280700,78634713
" NOLENSVILLE",2015-09-10,361900,78996613
" NOLENSVILLE",2015-09-15,342900,79339513
" NOLENSVILLE",2015-09-16,297660,79637173
" NOLENSVILLE",2015-09-18,246900,79884073
" NOLENSVILLE",2015-09-25,285700,80169773
" NOLENSVILLE",2015-09-30,266750,80436523
" NOLENSVILLE",2015-10-02,278753,80715276
" NOLENSVILLE",2015-10-05,298000,81013276
" NOLENSVILLE",2015-10-07,253900,81267176
" NOLENSVILLE",2015-10-14,70000,81337176
" NOLENSVILLE",2015-10-16,413640,81750816
" NOLENSVILLE",2015-10-19,303450,82054266
" NOLENSVILLE",2015-10-21,280100,82334366
" NOLENSVILLE",2015-10-23,250538,82584904
" NOLENSVILLE",2015-10-26,322000,82906904
" NOLENSVILLE",2015-10-29,192990,83099894
" NOLENSVILLE",2015-10-30,310003,83409897
" NOLENSVILLE",2015-11-04,2001325,85411222
" NOLENSVILLE",2015-11-06,278050,85689272
" NOLENSVILLE",2015-11-10,350000,86039272
" NOLENSVILLE",2015-11-13,484831,86524103
" NOLENSVILLE",2015-11-18,272493,86796596
" NOLENSVILLE",2015-11-20,1707906,88504502
" NOLENSVILLE",2015-11-23,244975,88749477
" NOLENSVILLE",2015-11-26,214000,88963477
" NOLENSVILLE",2015-11-30,614215,89577692
" NOLENSVILLE",2015-12-04,322328,89900020
" NOLENSVILLE",2015-12-08,297075,90197095
" NOLENSVILLE",2015-12-09,357320,90554415
" NOLENSVILLE",2015-12-11,878970,91433385
" NOLENSVILLE",2015-12-18,748000,92181385
" NOLENSVILLE",2015-12-23,296751,92478136
" NOLENSVILLE",2015-12-29,284900,92763036
" NOLENSVILLE",2015-12-30,171733,92934769
" NOLENSVILLE",2015-12-31,300000,93234769
" NOLENSVILLE",2016-01-08,250400,93485169
" NOLENSVILLE",2016-01-15,467700,93952869
" NOLENSVILLE",2016-01-20,567500,94520369
" NOLENSVILLE",2016-01-28,284900,94805269
" NOLENSVILLE",2016-01-29,641170,95446439
" NOLENSVILLE",2016-02-05,263250,95709689
" NOLENSVILLE",2016-02-10,266980,95976669
" NOLENSVILLE",2016-02-11,298900,96275569
" NOLENSVILLE",2016-02-16,525500,96801069
" NOLENSVILLE",2016-02-17,418185,97219254
" NOLENSVILLE",2016-02-19,280650,97499904
" NOLENSVILLE",2016-02-23,402267,97902171
" NOLENSVILLE",2016-02-25,286900,98189071
" NOLENSVILLE",2016-02-26,562406,98751477
" NOLENSVILLE",2016-03-01,250000,99001477
" NOLENSVILLE",2016-03-03,250668,99252145
" NOLENSVILLE",2016-03-04,486224,99738369
" NOLENSVILLE",2016-03-07,491600,100229969
" NOLENSVILLE",2016-03-11,514928,100744897
" NOLENSVILLE",2016-03-16,550000,101294897
" NOLENSVILLE",2016-03-18,199913,101494810
" NOLENSVILLE",2016-03-24,298900,101793710
" NOLENSVILLE",2016-03-28,957308,102751018
" NOLENSVILLE",2016-03-30,303654,103054672
" NOLENSVILLE",2016-03-31,381650,103436322
" NOLENSVILLE",2016-04-01,505050,103941372
" NOLENSVILLE",2016-04-05,287375,104228747
" NOLENSVILLE",2016-04-06,313758,104542505
" NOLENSVILLE",2016-04-07,890965,105433470
" NOLENSVILLE",2016-04-08,647990,106081460
" NOLENSVILLE",2016-04-10,375000,106456460
" NOLENSVILLE",2016-04-14,369900,106826360
" NOLENSVILLE",2016-04-15,681000,107507360
" NOLENSVILLE",2016-04-18,167457,107674817
" NOLENSVILLE",2016-04-20,702127,108376944
" NOLENSVILLE",2016-04-22,556817,108933761
" NOLENSVILLE",2016-04-25,319560,109253321
" NOLENSVILLE",2016-04-27,416608,109669929
" NOLENSVILLE",2016-04-28,699200,110369129
" NOLENSVILLE",2016-04-29,1263135,111632264
" NOLENSVILLE",2016-05-02,759440,112391704
" NOLENSVILLE",2016-05-03,801102,113192806
" NOLENSVILLE",2016-05-04,371000,113563806
" NOLENSVILLE",2016-05-05,389903,113953709
" NOLENSVILLE",2016-05-06,295000,114248709
" NOLENSVILLE",2016-05-10,362922,114611631
" NOLENSVILLE",2016-05-12,386235,114997866
" NOLENSVILLE",2016-05-13,540900,115538766
" NOLENSVILLE",2016-05-16,312800,115851566
" NOLENSVILLE",2016-05-18,3434300,119285866
" NOLENSVILLE",2016-05-20,377797,119663663
" NOLENSVILLE",2016-05-23,277250,119940913
" NOLENSVILLE",2016-05-26,606618,120547531
" NOLENSVILLE",2016-05-27,1392295,121939826
" NOLENSVILLE",2016-05-31,807755,122747581
" NOLENSVILLE",2016-06-01,548519,123296100
" NOLENSVILLE",2016-06-03,324900,123621000
" NOLENSVILLE",2016-06-10,208675,123829675
" NOLENSVILLE",2016-06-13,335250,124164925
" NOLENSVILLE",2016-06-16,334900,124499825
" NOLENSVILLE",2016-06-17,387493,124887318
" NOLENSVILLE",2016-06-28,280875,125168193
" NOLENSVILLE",2016-06-29,1207512,126375705
" NOLENSVILLE",2016-06-30,1166215,127541920
" NOLENSVILLE",2016-07-01,623440,128165360
" NOLENSVILLE",2016-07-11,392900,128558260
" NOLENSVILLE",2016-07-13,352500,128910760
" NOLENSVILLE",2016-07-14,327500,129238260
" NOLENSVILLE",2016-07-15,1103475,130341735
" NOLENSVILLE",2016-07-22,893975,131235710
" NOLENSVILLE",2016-08-02,374900,131610610
" NOLENSVILLE",2016-08-05,195750,131806360
" NOLENSVILLE",2016-08-08,347500,132153860
" NOLENSVILLE",2016-08-16,1173055,133326915
" NOLENSVILLE",2016-08-19,330000,133656915
" NOLENSVILLE",2016-08-22,388000,134044915
" NOLENSVILLE",2016-08-31,282500,134327415
" NOLENSVILLE",2016-09-02,345360,134672775
" NOLENSVILLE",2016-09-07,187688,134860463
" NOLENSVILLE",2016-09-09,650350,135510813
" NOLENSVILLE",2016-09-13,338225,135849038
" NOLENSVILLE",2016-09-15,332625,136181663
" NOLENSVILLE",2016-09-16,564225,136745888
" NOLENSVILLE",2016-09-20,254575,137000463
" NOLENSVILLE",2016-09-23,995569,137996032
" NOLENSVILLE",2016-09-28,234900,138230932
" NOLENSVILLE",2016-09-29,404416,138635348
" NOLENSVILLE",2016-09-30,1015925,139651273
" NOLENSVILLE",2016-10-11,224500,139875773
" NOLENSVILLE",2016-10-14,761325,140637098
" NOLENSVILLE",2016-10-18,502000,141139098
" NOLENSVILLE",2016-10-20,709900,141848998
" OLD HICKORY",2013-01-09,229500,229500
" OLD HICKORY",2013-01-11,263500,493000
" OLD HICKORY",2013-01-18,861991,1354991
" OLD HICKORY",2013-01-24,65200,1420191
" OLD HICKORY",2013-01-28,138000,1558191
" OLD HICKORY",2013-02-04,1898500,3456691
" OLD HICKORY",2013-02-07,313500,3770191
" OLD HICKORY",2013-02-14,88000,3858191
" OLD HICKORY",2013-02-15,457800,4315991
" OLD HICKORY",2013-02-22,112000,4427991
" OLD HICKORY",2013-02-25,128500,4556491
" OLD HICKORY",2013-03-05,134900,4691391
" OLD HICKORY",2013-03-06,100000,4791391
" OLD HICKORY",2013-03-13,152250,4943641
" OLD HICKORY",2013-03-15,173000,5116641
" OLD HICKORY",2013-03-18,41000,5157641
" OLD HICKORY",2013-03-22,70000,5227641
" OLD HICKORY",2013-03-25,84400,5312041
" OLD HICKORY",2013-03-28,309900,5621941
" OLD HICKORY",2013-04-03,114900,5736841
" OLD HICKORY",2013-04-04,155000,5891841
" OLD HICKORY",2013-04-05,155000,6046841
" OLD HICKORY",2013-04-09,75500,6122341
" OLD HICKORY",2013-04-10,281000,6403341
" OLD HICKORY",2013-04-11,224000,6627341
" OLD HICKORY",2013-04-12,223500,6850841
" OLD HICKORY",2013-04-15,865750,7716591
" OLD HICKORY",2013-04-17,147500,7864091
" OLD HICKORY",2013-04-19,156000,8020091
" OLD HICKORY",2013-04-25,1742900,9762991
" OLD HICKORY",2013-04-26,167000,9929991
" OLD HICKORY",2013-04-30,93500,10023491
" OLD HICKORY",2013-05-01,747000,10770491
" OLD HICKORY",2013-05-02,140000,10910491
" OLD HICKORY",2013-05-03,89000,10999491
" OLD HICKORY",2013-05-06,250500,11249991
" OLD HICKORY",2013-05-08,132000,11381991
" OLD HICKORY",2013-05-09,190000,11571991
" OLD HICKORY",2013-05-10,423500,11995491
" OLD HICKORY",2013-05-14,105000,12100491
" OLD HICKORY",2013-05-15,1687500,13787991
" OLD HICKORY",2013-05-17,149000,13936991
" OLD HICKORY",2013-05-20,241000,14177991
" OLD HICKORY",2013-05-21,836500,15014491
" OLD HICKORY",2013-05-23,816188,15830679
" OLD HICKORY",2013-05-24,135000,15965679
" OLD HICKORY",2013-05-28,158900,16124579
" OLD HICKORY",2013-05-29,144000,16268579
" OLD HICKORY",2013-05-30,1710000,17978579
" OLD HICKORY",2013-05-31,290000,18268579
" OLD HICKORY",2013-06-03,746421,19015000
" OLD HICKORY",2013-06-04,64900,19079900
" OLD HICKORY",2013-06-07,319800,19399700
" OLD HICKORY",2013-06-11,38000,19437700
" OLD HICKORY",2013-06-12,93000,19530700
" OLD HICKORY",2013-06-13,429000,19959700
" OLD HICKORY",2013-06-14,537878,20497578
" OLD HICKORY",2013-06-17,120500,20618078
" OLD HICKORY",2013-06-19,302500,20920578
" OLD HICKORY",2013-06-20,381498,21302076
" OLD HICKORY",2013-06-21,449900,21751976
" OLD HICKORY",2013-06-25,45905,21797881
" OLD HICKORY",2013-06-26,98000,21895881
" OLD HICKORY",2013-06-27,411400,22307281
" OLD HICKORY",2013-06-28,1585000,23892281
" OLD HICKORY",2013-07-01,701650,24593931
" OLD HICKORY",2013-07-02,203900,24797831
" OLD HICKORY",2013-07-05,87500,24885331
" OLD HICKORY",2013-07-11,166500,25051831
" OLD HICKORY",2013-07-12,52000,25103831
" OLD HICKORY",2013-07-15,302900,25406731
" OLD HICKORY",2013-07-16,93000,25499731
" OLD HICKORY",2013-07-18,500600,26000331
" OLD HICKORY",2013-07-22,100500,26100831
" OLD HICKORY",2013-07-23,295000,26395831
" OLD HICKORY",2013-07-26,91700,26487531
" OLD HICKORY",2013-07-29,233900,26721431
" OLD HICKORY",2013-07-30,61500,26782931
" OLD HICKORY",2013-07-31,159000,26941931
" OLD HICKORY",2013-08-02,60000,27001931
" OLD HICKORY",2013-08-05,229000,27230931
" OLD HICKORY",2013-08-07,75000,27305931
" OLD HICKORY",2013-08-09,317000,27622931
" OLD HICKORY",2013-08-12,274900,27897831
" OLD HICKORY",2013-08-14,419900,28317731
" OLD HICKORY",2013-08-15,325434,28643165
" OLD HICKORY",2013-08-19,269000,28912165
" OLD HICKORY",2013-08-20,115500,29027665
" OLD HICKORY",2013-08-23,221500,29249165
" OLD HICKORY",2013-08-26,181400,29430565
" OLD HICKORY",2013-08-27,110000,29540565
" OLD HICKORY",2013-08-28,632000,30172565
" OLD HICKORY",2013-08-29,250000,30422565
" OLD HICKORY",2013-08-30,288000,30710565
" OLD HICKORY",2013-09-03,321900,31032465
" OLD HICKORY",2013-09-06,55000,31087465
" OLD HICKORY",2013-09-10,109000,31196465
" OLD HICKORY",2013-09-13,710900,31907365
" OLD HICKORY",2013-09-16,800000,32707365
" OLD HICKORY",2013-09-17,230900,32938265
" OLD HICKORY",2013-09-19,139900,33078165
" OLD HICKORY",2013-09-20,305000,33383165
" OLD HICKORY",2013-09-25,170000,33553165
" OLD HICKORY",2013-10-09,69000,33622165
" OLD HICKORY",2013-10-11,41000,33663165
" OLD HICKORY",2013-10-15,1214000,34877165
" OLD HICKORY",2013-10-18,102500,34979665
" OLD HICKORY",2013-10-22,375000,35354665
" OLD HICKORY",2013-10-24,126000,35480665
" OLD HICKORY",2013-10-28,727500,36208165
" OLD HICKORY",2013-10-30,183800,36391965
" OLD HICKORY",2013-10-31,1155300,37547265
" OLD HICKORY",2013-11-01,210500,37757765
" OLD HICKORY",2013-11-04,213000,37970765
" OLD HICKORY",2013-11-05,410000,38380765
" OLD HICKORY",2013-11-06,286000,38666765
" OLD HICKORY",2013-11-12,825000,39491765
" OLD HICKORY",2013-11-15,262000,39753765
" OLD HICKORY",2013-11-20,190000,39943765
" OLD HICKORY",2013-11-21,98621,40042386
" OLD HICKORY",2013-11-22,175000,40217386
" OLD HICKORY",2013-11-25,132500,40349886
" OLD HICKORY",2013-11-26,218000,40567886
" OLD HICKORY",2013-11-27,546900,41114786
" OLD HICKORY",2013-12-09,270000,41384786
" OLD HICKORY",2013-12-10,1130000,42514786
" OLD HICKORY",2013-12-11,355000,42869786
" OLD HICKORY",2013-12-12,165000,43034786
" OLD HICKORY",2013-12-13,192000,43226786
" OLD HICKORY",2013-12-16,76000,43302786
" OLD HICKORY",2013-12-20,1104500,44407286
" OLD HICKORY",2013-12-23,114500,44521786
" OLD HICKORY",2013-12-26,174900,44696686
" OLD HICKORY",2013-12-27,422500,45119186
" OLD HICKORY",2013-12-30,139000,45258186
" OLD HICKORY",2013-12-31,652200,45910386
" OLD HICKORY",2014-01-07,191000,46101386
" OLD HICKORY",2014-01-08,93000,46194386
" OLD HICKORY",2014-01-10,87684,46282070
" OLD HICKORY",2014-01-14,339900,46621970
" OLD HICKORY",2014-01-15,474900,47096870
" OLD HICKORY",2014-01-16,123900,47220770
" OLD HICKORY",2014-01-17,290000,47510770
" OLD HICKORY",2014-01-23,18000,47528770
" OLD HICKORY",2014-01-28,148000,47676770
" OLD HICKORY",2014-01-30,246800,47923570
" OLD HICKORY",2014-01-31,270710,48194280
" OLD HICKORY",2014-02-03,352000,48546280
" OLD HICKORY",2014-02-13,81000,48627280
" OLD HICKORY",2014-02-14,324900,48952180
" OLD HICKORY",2014-02-18,222485,49174665
" OLD HICKORY",2014-02-19,84000,49258665
" OLD HICKORY",2014-02-21,221900,49480565
" OLD HICKORY",2014-02-26,227350,49707915
" OLD HICKORY",2014-02-27,314250,50022165
" OLD HICKORY",2014-02-28,113000,50135165
" OLD HICKORY",2014-03-03,549000,50684165
" OLD HICKORY",2014-03-07,215000,50899165
" OLD HICKORY",2014-03-10,155000,51054165
" OLD HICKORY",2014-03-12,45500,51099665
" OLD HICKORY",2014-03-13,78000,51177665
" OLD HICKORY",2014-03-14,197500,51375165
" OLD HICKORY",2014-03-18,175000,51550165
" OLD HICKORY",2014-03-20,112000,51662165
" OLD HICKORY",2014-03-25,169900,51832065
" OLD HICKORY",2014-03-26,840000,52672065
" OLD HICKORY",2014-03-27,73000,52745065
" OLD HICKORY",2014-03-28,316600,53061665
" OLD HICKORY",2014-03-31,396400,53458065
" OLD HICKORY",2014-04-02,89600,53547665
" OLD HICKORY",2014-04-03,162000,53709665
" OLD HICKORY",2014-04-04,139900,53849565
" OLD HICKORY",2014-04-08,245000,54094565
" OLD HICKORY",2014-04-09,257500,54352065
" OLD HICKORY",2014-04-11,133700,54485765
" OLD HICKORY",2014-04-14,242000,54727765
" OLD HICKORY",2014-04-15,120000,54847765
" OLD HICKORY",2014-04-16,606000,55453765
" OLD HICKORY",2014-04-18,165500,55619265
" OLD HICKORY",2014-04-22,108000,55727265
" OLD HICKORY",2014-04-28,69000,55796265
" OLD HICKORY",2014-04-29,43000,55839265
" OLD HICKORY",2014-04-30,167285,56006550
" OLD HICKORY",2014-05-01,273400,56279950
" OLD HICKORY",2014-05-02,79700,56359650
" OLD HICKORY",2014-05-05,255000,56614650
" OLD HICKORY",2014-05-07,60000,56674650
" OLD HICKORY",2014-05-08,137000,56811650
" OLD HICKORY",2014-05-09,289400,57101050
" OLD HICKORY",2014-05-12,124900,57225950
" OLD HICKORY",2014-05-14,612888,57838838
" OLD HICKORY",2014-05-15,811500,58650338
" OLD HICKORY",2014-05-16,116250,58766588
" OLD HICKORY",2014-05-19,618000,59384588
" OLD HICKORY",2014-05-21,132900,59517488
" OLD HICKORY",2014-05-23,386000,59903488
" OLD HICKORY",2014-05-27,143000,60046488
" OLD HICKORY",2014-05-28,139000,60185488
" OLD HICKORY",2014-05-29,321500,60506988
" OLD HICKORY",2014-05-30,45000,60551988
" OLD HICKORY",2014-06-02,582000,61133988
" OLD HICKORY",2014-06-04,98500,61232488
" OLD HICKORY",2014-06-05,170000,61402488
" OLD HICKORY",2014-06-09,552000,61954488
" OLD HICKORY",2014-06-11,200000,62154488
" OLD HICKORY",2014-06-12,150000,62304488
" OLD HICKORY",2014-06-13,670000,62974488
" OLD HICKORY",2014-06-16,585000,63559488
" OLD HICKORY",2014-06-17,91000,63650488
" OLD HICKORY",2014-06-18,119000,63769488
" OLD HICKORY",2014-06-19,874700,64644188
" OLD HICKORY",2014-06-20,500000,65144188
" OLD HICKORY",2014-06-23,276400,65420588
" OLD HICKORY",2014-06-27,663900,66084488
" OLD HICKORY",2014-06-30,543900,66628388
" OLD HICKORY",2014-07-01,355600,66983988
" OLD HICKORY",2014-07-03,131000,67114988
" OLD HICKORY",2014-07-09,376500,67491488
" OLD HICKORY",2014-07-11,767900,68259388
" OLD HICKORY",2014-07-14,662000,68921388
" OLD HICKORY",2014-07-15,386500,69307888
" OLD HICKORY",2014-07-16,429000,69736888
" OLD HICKORY",2014-07-17,111500,69848388
" OLD HICKORY",2014-07-21,143500,69991888
" OLD HICKORY",2014-07-22,760000,70751888
" OLD HICKORY",2014-07-24,179000,70930888
" OLD HICKORY",2014-07-25,375625,71306513
" OLD HICKORY",2014-07-28,114000,71420513
" OLD HICKORY",2014-07-31,714500,72135013
" OLD HICKORY",2014-08-01,652000,72787013
" OLD HICKORY",2014-08-06,60000,72847013
" OLD HICKORY",2014-08-07,153500,73000513
" OLD HICKORY",2014-08-08,459500,73460013
" OLD HICKORY",2014-08-11,125000,73585013
" OLD HICKORY",2014-08-13,86500,73671513
" OLD HICKORY",2014-08-14,625000,74296513
" OLD HICKORY",2014-08-15,394800,74691313
" OLD HICKORY",2014-08-18,845800,75537113
" OLD HICKORY",2014-08-19,454700,75991813
" OLD HICKORY",2014-08-20,125000,76116813
" OLD HICKORY",2014-08-21,137500,76254313
" OLD HICKORY",2014-08-22,248000,76502313
" OLD HICKORY",2014-08-25,315000,76817313
" OLD HICKORY",2014-08-26,127500,76944813
" OLD HICKORY",2014-08-27,139900,77084713
" OLD HICKORY",2014-08-28,844400,77929113
" OLD HICKORY",2014-08-29,624000,78553113
" OLD HICKORY",2014-09-03,250000,78803113
" OLD HICKORY",2014-09-05,104900,78908013
" OLD HICKORY",2014-09-08,5000,78913013
" OLD HICKORY",2014-09-09,107000,79020013
" OLD HICKORY",2014-09-11,137000,79157013
" OLD HICKORY",2014-09-12,145000,79302013
" OLD HICKORY",2014-09-15,245000,79547013
" OLD HICKORY",2014-09-16,135000,79682013
" OLD HICKORY",2014-09-18,375500,80057513
" OLD HICKORY",2014-09-19,502800,80560313
" OLD HICKORY",2014-09-22,851000,81411313
" OLD HICKORY",2014-09-24,303900,81715213
" OLD HICKORY",2014-09-25,194300,81909513
" OLD HICKORY",2014-09-26,128999,82038512
" OLD HICKORY",2014-09-29,124500,82163012
" OLD HICKORY",2014-09-30,505100,82668112
" OLD HICKORY",2014-10-01,761900,83430012
" OLD HICKORY",2014-10-02,84000,83514012
" OLD HICKORY",2014-10-03,175000,83689012
" OLD HICKORY",2014-10-06,460900,84149912
" OLD HICKORY",2014-10-08,283950,84433862
" OLD HICKORY",2014-10-10,100000,84533862
" OLD HICKORY",2014-10-14,371000,84904862
" OLD HICKORY",2014-10-15,260000,85164862
" OLD HICKORY",2014-10-17,230000,85394862
" OLD HICKORY",2014-10-20,364000,85758862
" OLD HICKORY",2014-10-23,188000,85946862
" OLD HICKORY",2014-10-24,369000,86315862
" OLD HICKORY",2014-10-27,253000,86568862
" OLD HICKORY",2014-10-28,216000,86784862
" OLD HICKORY",2014-10-29,497700,87282562
" OLD HICKORY",2014-10-30,230900,87513462
" OLD HICKORY",2014-10-31,966500,88479962
" OLD HICKORY",2014-11-03,159000,88638962
" OLD HICKORY",2014-11-07,738000,89376962
" OLD HICKORY",2014-11-12,361000,89737962
" OLD HICKORY",2014-11-14,93000,89830962
" OLD HICKORY",2014-11-20,264500,90095462
" OLD HICKORY",2014-11-21,354500,90449962
" OLD HICKORY",2014-11-24,125000,90574962
" OLD HICKORY",2014-11-25,725000,91299962
" OLD HICKORY",2014-11-26,124900,91424862
" OLD HICKORY",2014-12-01,290000,91714862
" OLD HICKORY",2014-12-02,208000,91922862
" OLD HICKORY",2014-12-03,649000,92571862
" OLD HICKORY",2014-12-05,419000,92990862
" OLD HICKORY",2014-12-08,279000,93269862
" OLD HICKORY",2014-12-10,151900,93421762
" OLD HICKORY",2014-12-12,79000,93500762
" OLD HICKORY",2014-12-15,176500,93677262
" OLD HICKORY",2014-12-16,169900,93847162
" OLD HICKORY",2014-12-17,385500,94232662
" OLD HICKORY",2014-12-18,311500,94544162
" OLD HICKORY",2014-12-19,151250,94695412
" OLD HICKORY",2014-12-22,211000,94906412
" OLD HICKORY",2014-12-29,404900,95311312
" OLD HICKORY",2014-12-30,211199,95522511
" OLD HICKORY",2014-12-31,610700,96133211
" OLD HICKORY",2015-01-02,376000,96509211
" OLD HICKORY",2015-01-05,169000,96678211
" OLD HICKORY",2015-01-07,317000,96995211
" OLD HICKORY",2015-01-08,122000,97117211
" OLD HICKORY",2015-01-09,260000,97377211
" OLD HICKORY",2015-01-14,250595,97627806
" OLD HICKORY",2015-01-22,136900,97764706
" OLD HICKORY",2015-01-29,209000,97973706
" OLD HICKORY",2015-01-30,1608500,99582206
" OLD HICKORY",2015-02-02,290000,99872206
" OLD HICKORY",2015-02-04,305900,100178106
" OLD HICKORY",2015-02-05,368900,100547006
" OLD HICKORY",2015-02-12,666500,101213506
" OLD HICKORY",2015-02-13,459900,101673406
" OLD HICKORY",2015-02-19,150000,101823406
" OLD HICKORY",2015-02-20,119900,101943306
" OLD HICKORY",2015-02-24,155000,102098306
" OLD HICKORY",2015-03-02,157900,102256206
" OLD HICKORY",2015-03-03,45000,102301206
" OLD HICKORY",2015-03-06,75000,102376206
" OLD HICKORY",2015-03-07,90000,102466206
" OLD HICKORY",2015-03-10,130000,102596206
" OLD HICKORY",2015-03-11,123000,102719206
" OLD HICKORY",2015-03-12,88100,102807306
" OLD HICKORY",2015-03-13,261000,103068306
" OLD HICKORY",2015-03-16,790000,103858306
" OLD HICKORY",2015-03-17,276900,104135206
" OLD HICKORY",2015-03-19,233000,104368206
" OLD HICKORY",2015-03-20,412000,104780206
" OLD HICKORY",2015-03-24,180000,104960206
" OLD HICKORY",2015-03-25,57500,105017706
" OLD HICKORY",2015-03-26,143900,105161606
" OLD HICKORY",2015-03-27,410000,105571606
" OLD HICKORY",2015-03-30,512500,106084106
" OLD HICKORY",2015-03-31,215000,106299106
" OLD HICKORY",2015-04-01,373000,106672106
" OLD HICKORY",2015-04-02,386000,107058106
" OLD HICKORY",2015-04-03,129900,107188006
" OLD HICKORY",2015-04-06,102000,107290006
" OLD HICKORY",2015-04-07,456900,107746906
" OLD HICKORY",2015-04-09,213000,107959906
" OLD HICKORY",2015-04-10,394900,108354806
" OLD HICKORY",2015-04-14,645100,108999906
" OLD HICKORY",2015-04-15,638800,109638706
" OLD HICKORY",2015-04-17,399900,110038606
" OLD HICKORY",2015-04-20,171000,110209606
" OLD HICKORY",2015-04-21,65000,110274606
" OLD HICKORY",2015-04-23,399900,110674506
" OLD HICKORY",2015-04-24,105000,110779506
" OLD HICKORY",2015-04-27,331800,111111306
" OLD HICKORY",2015-04-29,284000,111395306
" OLD HICKORY",2015-04-30,636500,112031806
" OLD HICKORY",2015-05-01,1094500,113126306
" OLD HICKORY",2015-05-04,125000,113251306
" OLD HICKORY",2015-05-05,307000,113558306
" OLD HICKORY",2015-05-06,1257500,114815806
" OLD HICKORY",2015-05-07,119000,114934806
" OLD HICKORY",2015-05-08,247283,115182089
" OLD HICKORY",2015-05-11,223000,115405089
" OLD HICKORY",2015-05-12,174000,115579089
" OLD HICKORY",2015-05-13,398800,115977889
" OLD HICKORY",2015-05-14,204500,116182389
" OLD HICKORY",2015-05-15,310900,116493289
" OLD HICKORY",2015-05-18,168000,116661289
" OLD HICKORY",2015-05-19,549900,117211189
" OLD HICKORY",2015-05-20,319500,117530689
" OLD HICKORY",2015-05-21,381600,117912289
" OLD HICKORY",2015-05-22,727000,118639289
" OLD HICKORY",2015-05-26,102000,118741289
" OLD HICKORY",2015-05-27,504500,119245789
" OLD HICKORY",2015-05-28,750400,119996189
" OLD HICKORY",2015-05-29,476900,120473089
" OLD HICKORY",2015-06-01,274900,120747989
" OLD HICKORY",2015-06-05,650000,121397989
" OLD HICKORY",2015-06-08,357500,121755489
" OLD HICKORY",2015-06-09,122000,121877489
" OLD HICKORY",2015-06-10,1408400,123285889
" OLD HICKORY",2015-06-11,551000,123836889
" OLD HICKORY",2015-06-12,628250,124465139
" OLD HICKORY",2015-06-16,412400,124877539
" OLD HICKORY",2015-06-17,237500,125115039
" OLD HICKORY",2015-06-18,388656,125503695
" OLD HICKORY",2015-06-19,695900,126199595
" OLD HICKORY",2015-06-22,145000,126344595
" OLD HICKORY",2015-06-23,269900,126614495
" OLD HICKORY",2015-06-24,112500,126726995
" OLD HICKORY",2015-06-25,139900,126866895
" OLD HICKORY",2015-06-26,646000,127512895
" OLD HICKORY",2015-06-29,606000,128118895
" OLD HICKORY",2015-06-30,1296500,129415395
" OLD HICKORY",2015-07-01,147900,129563295
" OLD HICKORY",2015-07-02,419900,129983195
" OLD HICKORY",2015-07-06,298600,130281795
" OLD HICKORY",2015-07-07,268000,130549795
" OLD HICKORY",2015-07-08,410000,130959795
" OLD HICKORY",2015-07-09,142000,131101795
" OLD HICKORY",2015-07-10,716800,131818595
" OLD HICKORY",2015-07-15,384900,132203495
" OLD HICKORY",2015-07-16,290500,132493995
" OLD HICKORY",2015-07-17,710500,133204495
" OLD HICKORY",2015-07-20,259000,133463495
" OLD HICKORY",2015-07-21,141000,133604495
" OLD HICKORY",2015-07-22,549800,134154295
" OLD HICKORY",2015-07-23,500000,134654295
" OLD HICKORY",2015-07-24,861000,135515295
" OLD HICKORY",2015-07-28,144000,135659295
" OLD HICKORY",2015-07-29,123000,135782295
" OLD HICKORY",2015-07-30,887500,136669795
" OLD HICKORY",2015-07-31,199500,136869295
" OLD HICKORY",2015-08-03,277500,137146795
" OLD HICKORY",2015-08-04,141000,137287795
" OLD HICKORY",2015-08-05,131000,137418795
" OLD HICKORY",2015-08-06,409900,137828695
" OLD HICKORY",2015-08-07,492000,138320695
" OLD HICKORY",2015-08-10,644900,138965595
" OLD HICKORY",2015-08-12,507000,139472595
" OLD HICKORY",2015-08-13,125000,139597595
" OLD HICKORY",2015-08-14,901800,140499395
" OLD HICKORY",2015-08-17,426800,140926195
" OLD HICKORY",2015-08-20,323000,141249195
" OLD HICKORY",2015-08-21,568000,141817195
" OLD HICKORY",2015-08-25,65000,141882195
" OLD HICKORY",2015-08-26,175000,142057195
" OLD HICKORY",2015-08-27,986650,143043845
" OLD HICKORY",2015-08-28,1393080,144436925
" OLD HICKORY",2015-08-31,479000,144915925
" OLD HICKORY",2015-09-01,728000,145643925
" OLD HICKORY",2015-09-02,74000,145717925
" OLD HICKORY",2015-09-04,690500,146408425
" OLD HICKORY",2015-09-08,406900,146815325
" OLD HICKORY",2015-09-10,85000,146900325
" OLD HICKORY",2015-09-11,530500,147430825
" OLD HICKORY",2015-09-16,2913000,150343825
" OLD HICKORY",2015-09-17,290000,150633825
" OLD HICKORY",2015-09-21,199900,150833725
" OLD HICKORY",2015-09-23,488000,151321725
" OLD HICKORY",2015-09-24,223000,151544725
" OLD HICKORY",2015-09-25,768450,152313175
" OLD HICKORY",2015-09-28,446900,152760075
" OLD HICKORY",2015-09-29,204000,152964075
" OLD HICKORY",2015-09-30,1414400,154378475
" OLD HICKORY",2015-10-02,305000,154683475
" OLD HICKORY",2015-10-05,27000,154710475
" OLD HICKORY",2015-10-08,681901,155392376
" OLD HICKORY",2015-10-09,1045287,156437663
" OLD HICKORY",2015-10-14,69000,156506663
" OLD HICKORY",2015-10-15,486573,156993236
" OLD HICKORY",2015-10-16,1979300,158972536
" OLD HICKORY",2015-10-20,1141000,160113536
" OLD HICKORY",2015-10-22,70000,160183536
" OLD HICKORY",2015-10-23,239000,160422536
" OLD HICKORY",2015-10-26,155000,160577536
" OLD HICKORY",2015-10-28,1041000,161618536
" OLD HICKORY",2015-10-30,277000,161895536
" OLD HICKORY",2015-11-02,414500,162310036
" OLD HICKORY",2015-11-04,311500,162621536
" OLD HICKORY",2015-11-05,68200,162689736
" OLD HICKORY",2015-11-06,240000,162929736
" OLD HICKORY",2015-11-10,533001,163462737
" OLD HICKORY",2015-11-12,537800,164000537
" OLD HICKORY",2015-11-13,127500,164128037
" OLD HICKORY",2015-11-16,987300,165115337
" OLD HICKORY",2015-11-18,528000,165643337
" OLD HICKORY",2015-11-19,65001,165708338
" OLD HICKORY",2015-11-20,241800,165950138
" OLD HICKORY",2015-11-23,281000,166231138
" OLD HICKORY",2015-11-25,237000,166468138
" OLD HICKORY",2015-11-30,1878000,168346138
" OLD HICKORY",2015-12-01,506000,168852138
" OLD HICKORY",2015-12-02,208000,169060138
" OLD HICKORY",2015-12-03,1245000,170305138
" OLD HICKORY",2015-12-04,664900,170970038
" OLD HICKORY",2015-12-07,1700000,172670038
" OLD HICKORY",2015-12-08,370000,173040038
" OLD HICKORY",2015-12-09,145000,173185038
" OLD HICKORY",2015-12-10,182000,173367038
" OLD HICKORY",2015-12-11,249000,173616038
" OLD HICKORY",2015-12-14,377924,173993962
" OLD HICKORY",2015-12-15,974900,174968862
" OLD HICKORY",2015-12-16,675000,175643862
" OLD HICKORY",2015-12-17,202000,175845862
" OLD HICKORY",2015-12-18,430000,176275862
" OLD HICKORY",2015-12-21,749800,177025662
" OLD HICKORY",2015-12-22,28000,177053662
" OLD HICKORY",2015-12-28,241000,177294662
" OLD HICKORY",2015-12-29,55000,177349662
" OLD HICKORY",2015-12-31,280500,177630162
" OLD HICKORY",2016-01-04,112000,177742162
" OLD HICKORY",2016-01-07,112000,177854162
" OLD HICKORY",2016-01-11,276500,178130662
" OLD HICKORY",2016-01-12,168500,178299162
" OLD HICKORY",2016-01-15,1643000,179942162
" OLD HICKORY",2016-01-19,169000,180111162
" OLD HICKORY",2016-01-20,186500,180297662
" OLD HICKORY",2016-01-22,180000,180477662
" OLD HICKORY",2016-01-25,145000,180622662
" OLD HICKORY",2016-01-27,115000,180737662
" OLD HICKORY",2016-01-28,200000,180937662
" OLD HICKORY",2016-01-29,124900,181062562
" OLD HICKORY",2016-02-02,298000,181360562
" OLD HICKORY",2016-02-03,309900,181670462
" OLD HICKORY",2016-02-04,645000,182315462
" OLD HICKORY",2016-02-05,315800,182631262
" OLD HICKORY",2016-02-08,383000,183014262
" OLD HICKORY",2016-02-10,130000,183144262
" OLD HICKORY",2016-02-16,95000,183239262
" OLD HICKORY",2016-02-17,522000,183761262
" OLD HICKORY",2016-02-19,110000,183871262
" OLD HICKORY",2016-02-22,128000,183999262
" OLD HICKORY",2016-02-24,336550,184335812
" OLD HICKORY",2016-02-25,378000,184713812
" OLD HICKORY",2016-02-26,288000,185001812
" OLD HICKORY",2016-03-03,341000,185342812
" OLD HICKORY",2016-03-04,455400,185798212
" OLD HICKORY",2016-03-07,745500,186543712
" OLD HICKORY",2016-03-08,300000,186843712
" OLD HICKORY",2016-03-10,155000,186998712
" OLD HICKORY",2016-03-11,180000,187178712
" OLD HICKORY",2016-03-14,160000,187338712
" OLD HICKORY",2016-03-15,1050000,188388712
" OLD HICKORY",2016-03-18,262000,188650712
" OLD HICKORY",2016-03-21,148000,188798712
" OLD HICKORY",2016-03-23,122500,188921212
" OLD HICKORY",2016-03-24,1052900,189974112
" OLD HICKORY",2016-03-25,1084303,191058415
" OLD HICKORY",2016-03-28,1306000,192364415
" OLD HICKORY",2016-03-30,272500,192636915
" OLD HICKORY",2016-03-31,2224400,194861315
" OLD HICKORY",2016-04-05,85000,194946315
" OLD HICKORY",2016-04-06,152000,195098315
" OLD HICKORY",2016-04-07,190000,195288315
" OLD HICKORY",2016-04-08,495900,195784215
" OLD HICKORY",2016-04-11,207000,195991215
" OLD HICKORY",2016-04-12,375000,196366215
" OLD HICKORY",2016-04-13,370000,196736215
" OLD HICKORY",2016-04-14,264500,197000715
" OLD HICKORY",2016-04-15,1118900,198119615
" OLD HICKORY",2016-04-18,408500,198528115
" OLD HICKORY",2016-04-19,347000,198875115
" OLD HICKORY",2016-04-22,885259,199760374
" OLD HICKORY",2016-04-25,399900,200160274
" OLD HICKORY",2016-04-28,324900,200485174
" OLD HICKORY",2016-04-29,1189900,201675074
" OLD HICKORY",2016-05-01,76000,201751074
" OLD HICKORY",2016-05-02,159900,201910974
" OLD HICKORY",2016-05-03,105900,202016874
" OLD HICKORY",2016-05-04,352900,202369774
" OLD HICKORY",2016-05-05,315500,202685274
" OLD HICKORY",2016-05-06,598000,203283274
" OLD HICKORY",2016-05-09,1563500,204846774
" OLD HICKORY",2016-05-10,37500,204884274
" OLD HICKORY",2016-05-11,140000,205024274
" OLD HICKORY",2016-05-12,569900,205594174
" OLD HICKORY",2016-05-13,498000,206092174
" OLD HICKORY",2016-05-16,1093300,207185474
" OLD HICKORY",2016-05-17,429000,207614474
" OLD HICKORY",2016-05-18,154900,207769374
" OLD HICKORY",2016-05-19,183500,207952874
" OLD HICKORY",2016-05-20,1142000,209094874
" OLD HICKORY",2016-05-23,154500,209249374
" OLD HICKORY",2016-05-24,137000,209386374
" OLD HICKORY",2016-05-25,515000,209901374
" OLD HICKORY",2016-05-26,660500,210561874
" OLD HICKORY",2016-05-27,2037700,212599574
" OLD HICKORY",2016-05-31,512000,213111574
" OLD HICKORY",2016-06-02,393000,213504574
" OLD HICKORY",2016-06-03,2630000,216134574
" OLD HICKORY",2016-06-06,575400,216709974
" OLD HICKORY",2016-06-09,110000,216819974
" OLD HICKORY",2016-06-10,210000,217029974
" OLD HICKORY",2016-06-13,880400,217910374
" OLD HICKORY",2016-06-14,204900,218115274
" OLD HICKORY",2016-06-15,754800,218870074
" OLD HICKORY",2016-06-16,386888,219256962
" OLD HICKORY",2016-06-17,192000,219448962
" OLD HICKORY",2016-06-20,334000,219782962
" OLD HICKORY",2016-06-21,133000,219915962
" OLD HICKORY",2016-06-22,1609800,221525762
" OLD HICKORY",2016-06-23,242000,221767762
" OLD HICKORY",2016-06-24,1755700,223523462
" OLD HICKORY",2016-06-27,504900,224028362
" OLD HICKORY",2016-06-28,793300,224821662
" OLD HICKORY",2016-06-29,179900,225001562
" OLD HICKORY",2016-06-30,3148800,228150362
" OLD HICKORY",2016-07-01,1010400,229160762
" OLD HICKORY",2016-07-06,649440,229810202
" OLD HICKORY",2016-07-07,470000,230280202
" OLD HICKORY",2016-07-08,289500,230569702
" OLD HICKORY",2016-07-11,629500,231199202
" OLD HICKORY",2016-07-12,486686,231685888
" OLD HICKORY",2016-07-13,53000,231738888
" OLD HICKORY",2016-07-14,1348800,233087688
" OLD HICKORY",2016-07-15,315500,233403188
" OLD HICKORY",2016-07-18,311700,233714888
" OLD HICKORY",2016-07-19,174900,233889788
" OLD HICKORY",2016-07-20,167900,234057688
" OLD HICKORY",2016-07-21,32500,234090188
" OLD HICKORY",2016-07-25,465000,234555188
" OLD HICKORY",2016-08-01,952000,235507188
" OLD HICKORY",2016-08-03,185000,235692188
" OLD HICKORY",2016-08-05,659900,236352088
" OLD HICKORY",2016-08-08,142900,236494988
" OLD HICKORY",2016-08-09,429777,236924765
" OLD HICKORY",2016-08-10,165000,237089765
" OLD HICKORY",2016-08-11,159900,237249665
" OLD HICKORY",2016-08-12,747900,237997565
" OLD HICKORY",2016-08-15,178000,238175565
" OLD HICKORY",2016-08-16,374900,238550465
" OLD HICKORY",2016-08-17,464800,239015265
" OLD HICKORY",2016-08-18,314000,239329265
" OLD HICKORY",2016-08-19,1195319,240524584
" OLD HICKORY",2016-08-20,96500,240621084
" OLD HICKORY",2016-08-22,378000,240999084
" OLD HICKORY",2016-08-24,431800,241430884
" OLD HICKORY",2016-08-26,479000,241909884
" OLD HICKORY",2016-08-29,110000,242019884
" OLD HICKORY",2016-08-30,206000,242225884
" OLD HICKORY",2016-09-02,1948155,244174039
" OLD HICKORY",2016-09-06,405000,244579039
" OLD HICKORY",2016-09-07,1088291,245667330
" OLD HICKORY",2016-09-08,492500,246159830
" OLD HICKORY",2016-09-09,2478605,248638435
" OLD HICKORY",2016-09-12,499900,249138335
" OLD HICKORY",2016-09-13,163000,249301335
" OLD HICKORY",2016-09-14,182750,249484085
" OLD HICKORY",2016-09-15,1661000,251145085
" OLD HICKORY",2016-09-16,450000,251595085
" OLD HICKORY",2016-09-20,498000,252093085
" OLD HICKORY",2016-09-21,575000,252668085
" OLD HICKORY",2016-09-22,876900,253544985
" OLD HICKORY",2016-09-23,1048260,254593245
" OLD HICKORY",2016-09-26,368000,254961245
" OLD HICKORY",2016-09-28,702730,255663975
" OLD HICKORY",2016-09-29,868900,256532875
" OLD HICKORY",2016-09-30,1017900,257550775
" OLD HICKORY",2016-10-03,1774500,259325275
" OLD HICKORY",2016-10-04,115000,259440275
" OLD HICKORY",2016-10-05,41000,259481275
" OLD HICKORY",2016-10-06,642500,260123775
" OLD HICKORY",2016-10-07,356250,260480025
" OLD HICKORY",2016-10-10,127500,260607525
" OLD HICKORY",2016-10-11,359000,260966525
" OLD HICKORY",2016-10-12,126000,261092525
" OLD HICKORY",2016-10-13,661500,261754025
" OLD HICKORY",2016-10-14,3091746,264845771
" OLD HICKORY",2016-10-17,489500,265335271
" OLD HICKORY",2016-10-18,159900,265495171
" OLD HICKORY",2016-10-19,509900,266005071
" OLD HICKORY",2016-10-21,880900,266885971
" OLD HICKORY",2016-10-24,116000,267001971
" OLD HICKORY",2016-10-25,229900,267231871
" OLD HICKORY",2016-10-26,618000,267849871
" OLD HICKORY",2016-10-28,1587500,269437371
" OLD HICKORY",2016-10-31,465000,269902371
" UNKNOWN",2016-03-31,298000,298000
" WHITES CREEK",2013-02-08,37000,37000
" WHITES CREEK",2013-05-14,34900,71900
" WHITES CREEK",2013-05-21,34000,105900
" WHITES CREEK",2013-05-24,36250,142150
" WHITES CREEK",2013-06-11,38000,180150
" WHITES CREEK",2013-06-21,163900,344050
" WHITES CREEK",2013-06-28,269900,613950
" WHITES CREEK",2013-07-01,279900,893850
" WHITES CREEK",2013-07-18,559000,1452850
" WHITES CREEK",2013-07-24,159000,1611850
" WHITES CREEK",2013-07-26,35000,1646850
" WHITES CREEK",2013-08-13,115000,1761850
" WHITES CREEK",2013-08-23,325000,2086850
" WHITES CREEK",2013-10-15,579800,2666650
" WHITES CREEK",2013-10-24,275000,2941650
" WHITES CREEK",2013-10-25,599900,3541550
" WHITES CREEK",2013-10-28,78000,3619550
" WHITES CREEK",2013-11-19,151000,3770550
" WHITES CREEK",2014-02-13,280000,4050550
" WHITES CREEK",2014-02-26,119000,4169550
" WHITES CREEK",2014-03-28,728000,4897550
" WHITES CREEK",2014-06-30,135000,5032550
" WHITES CREEK",2014-07-01,172500,5205050
" WHITES CREEK",2014-07-15,79900,5284950
" WHITES CREEK",2014-07-30,473000,5757950
" WHITES CREEK",2014-08-06,258900,6016850
" WHITES CREEK",2014-09-05,279900,6296750
" WHITES CREEK",2014-09-26,69000,6365750
" WHITES CREEK",2014-10-09,31500,6397250
" WHITES CREEK",2014-10-17,139900,6537150
" WHITES CREEK",2014-10-28,127900,6665050
" WHITES CREEK",2014-11-21,157000,6822050
" WHITES CREEK",2014-12-09,364750,7186800
" WHITES CREEK",2014-12-15,30000,7216800
" WHITES CREEK",2014-12-17,106000,7322800
" WHITES CREEK",2014-12-19,416123,7738923
" WHITES CREEK",2014-12-22,210000,7948923
" WHITES CREEK",2014-12-29,143000,8091923
" WHITES CREEK",2015-01-16,127500,8219423
" WHITES CREEK",2015-01-26,192000,8411423
" WHITES CREEK",2015-01-30,560000,8971423
" WHITES CREEK",2015-04-10,321500,9292923
" WHITES CREEK",2015-04-21,197000,9489923
" WHITES CREEK",2015-04-29,102000,9591923
" WHITES CREEK",2015-05-01,99900,9691823
" WHITES CREEK",2015-07-06,138000,9829823
" WHITES CREEK",2015-07-07,52800,9882623
" WHITES CREEK",2015-07-10,52500,9935123
" WHITES CREEK",2015-07-17,183000,10118123
" WHITES CREEK",2015-07-23,183000,10301123
" WHITES CREEK",2015-07-30,41000,10342123
" WHITES CREEK",2015-07-31,41000,10383123
" WHITES CREEK",2015-08-13,60000,10443123
" WHITES CREEK",2015-08-31,300000,10743123
" WHITES CREEK",2015-09-30,90000,10833123
" WHITES CREEK",2015-10-02,185000,11018123
" WHITES CREEK",2015-10-23,185000,11203123
" WHITES CREEK",2015-11-06,49500,11252623
" WHITES CREEK",2015-12-03,374900,11627523
" WHITES CREEK",2015-12-21,115000,11742523
" WHITES CREEK",2016-01-08,35000,11777523
" WHITES CREEK",2016-02-12,185000,11962523
" WHITES CREEK",2016-02-26,185000,12147523
" WHITES CREEK",2016-03-11,165000,12312523
" WHITES CREEK",2016-04-15,350000,12662523
" WHITES CREEK",2016-04-29,60000,12722523
" WHITES CREEK",2016-05-13,394900,13117423
" WHITES CREEK",2016-05-26,85000,13202423
" WHITES CREEK",2016-06-17,120000,13322423
" WHITES CREEK",2016-06-28,215000,13537423
" WHITES CREEK",2016-07-01,214000,13751423
" WHITES CREEK",2016-07-05,369300,14120723
" WHITES CREEK",2016-08-05,687500,14808223
" WHITES CREEK",2016-08-12,20000,14828223
" WHITES CREEK",2016-08-19,200000,15028223
" WHITES CREEK",2016-09-08,400000,15428223
" WHITES CREEK",2016-09-09,514900,15943123
" WHITES CREEK",2016-09-30,165000,16108123
" WHITES CREEK",2016-10-05,149000,16257123
" WHITES CREEK",2016-10-20,81000,16338123
